FID,地方整備局等番号,開発建設部／都道府県コード,常時観測点コード,収集時間フラグ（5分間／1時間）,観測年月日,時間帯,上り・小型交通量,上り・大型交通量,上り・車種判別不能交通量,上り・停電,上り・ループ異常,上り・超音波異常,上り・欠測,下り・小型交通量,下り・大型交通量,下り・車種判別不能交通量,下り・停電,下り・ループ異常,下り・超音波異常,下り・欠測,道路種別,時間コード,lat,lng,lng2,lat2,上り・自動車交通量,上り・小型大型判別不能交通量,下り・自動車交通量,下り・小型大型判別不能交通量,カメラプリセット位置,気象影響による映像不良,照度不足,突発事象（交通事故等）,サーバの稼働,カメラの映像受信,映像のデコード処理,デコード映像から映像解析機能への取込加工処理の失敗,映像解析機能のフリーズ,その他エラー,color
t_travospublic_measure_5m.24569898.202505140635,82,,2110010,1,20250514,635,13,7,0,0,0,0,0,14,7,0,0,0,0,0,3,202505140635,37.110573456365614,140.1455465,,,,,,,,,,,,,,,,,
t_travospublic_measure_5m.24569899.202505140635,82,,2110017,1,20250514,635,96,17,0,0,0,0,0,108,24,0,0,0,0,0,3,202505140635,37.37338104665072,140.3483355,,,,,,,,,,,,,,,,,
t_travospublic_measure_5m.24569900.202505140635,82,,2110019,1,20250514,635,53,21,0,0,0,0,0,110,17,0,0,0,0,0,3,202505140635,37.46431627674753,140.3769493,,,,,,,,,,,,,,,,,
t_travospublic_measure_5m.24569901.202505140635,82,,2110021,1,20250514,635,80,15,2,0,0,0,0,84,19,0,0,0,0,0,3,202505140635,37.606841446897334,140.4677635,,,,,,,,,,,,,,,,,
t_travospublic_measure_5m.24569902.202505140635,82,,2110030,1,20250514,635,74,13,0,0,0,0,0,46,7,0,0,0,0,0,3,202505140635,37.73677529703182,140.4665726,,,,,,,,,,,,,,,,,
t_travospublic_measure_5m.24569903.202505140635,82,,2110040,1,20250514,635,39,14,0,0,0,0,0,46,13,0,0,0,0,0,3,202505140635,37.807813217104496,140.4958221,,,,,,,,,,,,,,,,,
t_travospublic_measure_5m.24569904.202505140635,82,,2110050,1,20250514,635,17,13,0,0,1,0,0,10,6,0,0,1,0,0,3,202505140635,37.90940456720739,140.5830744,,,,,,,,,,,,,,,,,
t_travospublic_measure_5m.24569905.202505140635,82,,2110060,1,20250514,635,96,19,0,0,0,0,0,85,16,0,0,0,0,0,3,202505140635,38.085083367382396,140.8283056,,,,,,,,,,,,,,,,,
t_travospublic_measure_5m.24569906.202505140635,82,,2110061,1,20250514,635,18,5,1,0,0,0,0,4,4,0,0,0,0,0,3,202505140635,39.627223038752774,141.927215,,,,,,,,,,,,,,,,,
t_travospublic_measure_5m.24569907.202505140635,82,,2110062,1,20250514,635,8,4,0,0,0,0,0,18,4,0,0,0,0,0,3,202505140635,39.659168038777906,141.92916800000003,,,,,,,,,,,,,,,,,
t_travospublic_measure_5m.24569908.202505140635,82,,2110063,1,20250514,635,7,2,0,0,0,0,0,8,2,0,0,0,0,0,3,202505140635,39.73009903883322,141.960134,,,,,,,,,,,,,,,,,
t_travospublic_measure_5m.24569909.202505140635,82,,2110065,1,20250514,635,118,16,0,0,0,0,0,96,14,0,0,0,0,0,3,202505140635,38.15208336744814,140.8853611,,,,,,,,,,,,,,,,,
t_travospublic_measure_5m.24569910.202505140635,82,,2110080,1,20250514,635,64,12,0,0,0,0,0,125,23,0,0,0,0,0,3,202505140635,38.34041670763003,140.8834444,,,,,,,,,,,,,,,,,
t_travospublic_measure_5m.24569911.202505140635,82,,2110081,1,20250514,635,38,4,0,0,0,0,0,0,0,0,0,0,0,0,3,202505140635,38.34313892763262,140.8802778,,,,,,,,,,,,,,,,,
t_travospublic_measure_5m.24569912.202505140635,82,,2110090,1,20250514,635,33,5,0,0,0,0,0,37,7,0,0,0,0,0,3,202505140635,38.60986114788262,140.9828333,,,,,,,,,,,,,,,,,
t_travospublic_measure_5m.24569913.202505140635,82,,2110091,1,20250514,635,10,3,0,0,0,0,0,12,10,0,0,0,0,0,3,202505140635,38.83405559808584,141.0848056,,,,,,,,,,,,,,,,,
t_travospublic_measure_5m.24569914.202505140635,82,,2110092,1,20250514,635,8,4,0,0,0,0,0,33,23,0,0,0,0,0,3,202505140635,38.930416038171224,141.117432,,,,,,,,,,,,,,,,,
t_travospublic_measure_5m.24569915.202505140635,82,,2110093,1,20250514,635,8,7,0,0,0,0,0,22,11,2,0,0,0,0,3,202505140635,39.003777838235415,141.1133766,,,,,,,,,,,,,,,,,
t_travospublic_measure_5m.24569916.202505140635,82,,2110095,1,20250514,635,10,3,0,0,0,0,0,16,4,0,0,0,0,0,3,202505140635,39.166645038375485,141.142913,,,,,,,,,,,,,,,,,
t_travospublic_measure_5m.24569917.202505140635,82,,2110101,1,20250514,635,16,0,0,0,0,0,0,20,4,0,0,0,0,0,3,202505140635,39.41215882858007,141.1284828,,,,,,,,,,,,,,,,,
t_travospublic_measure_5m.24569918.202505140635,82,,2110102,1,20250514,635,38,4,0,0,0,0,0,20,1,0,0,0,0,0,3,202505140635,39.486604768640554,141.1422372,,,,,,,,,,,,,,,,,
t_travospublic_measure_5m.24569919.202505140635,82,,2110103,1,20250514,635,68,3,0,0,0,0,0,52,4,0,0,0,0,0,3,202505140635,39.668019038784855,141.15759,,,,,,,,,,,,,,,,,
t_travospublic_measure_5m.24569920.202505140635,82,,2110106,1,20250514,635,50,4,0,0,0,0,0,45,2,0,0,0,0,0,3,202505140635,39.70774803881587,141.165401,,,,,,,,,,,,,,,,,
t_travospublic_measure_5m.24569921.202505140635,82,,2110110,1,20250514,635,51,6,0,0,0,0,0,59,9,0,0,0,0,0,3,202505140635,39.7581439588549,141.134491,,,,,,,,,,,,,,,,,
t_travospublic_measure_5m.24569922.202505140635,82,,2110120,1,20250514,635,19,2,0,0,0,0,0,17,7,0,0,0,0,0,3,202505140635,40.24861199921695,141.2695885,,,,,,,,,,,,,,,,,
t_travospublic_measure_5m.24569923.202505140635,82,,2110121,1,20250514,635,6,3,0,0,0,0,0,8,5,0,0,0,0,0,3,202505140635,40.33516094927743,141.2985134,,,,,,,,,,,,,,,,,
t_travospublic_measure_5m.24569924.202505140635,82,,2110129,1,20250514,635,4,2,0,0,0,0,0,10,0,0,0,0,0,0,3,202505140635,40.60877243946183,141.2602758,,,,,,,,,,,,,,,,,
t_travospublic_measure_5m.24569925.202505140635,82,,2110130,1,20250514,635,0,0,18,0,0,1,0,0,0,39,0,0,1,0,3,202505140635,40.65837352949415,141.1919975,,,,,,,,,,,,,,,,,
t_travospublic_measure_5m.24569926.202505140635,82,,2110132,1,20250514,635,11,3,0,0,0,0,0,14,2,0,0,0,0,0,3,202505140635,40.685015229511365,141.1707866,,,,,,,,,,,,,,,,,
t_travospublic_measure_5m.24569927.202505140635,82,,2110140,1,20250514,635,38,10,1,0,0,0,0,21,1,0,0,0,0,0,3,202505140635,40.89885213964595,140.8603907,,,,,,,,,,,,,,,,,
t_travospublic_measure_5m.24569928.202505140635,82,,2110143,1,20250514,635,24,3,0,0,0,0,0,16,6,0,0,0,0,0,3,202505140635,39.946858248998055,141.2168884,,,,,,,,,,,,,,,,,
t_travospublic_measure_5m.24569929.202505140635,82,,2110144,1,20250514,635,21,6,0,0,1,0,0,44,4,0,0,1,0,0,3,202505140635,40.83186565960448,141.1289549,,,,,,,,,,,,,,,,,
t_travospublic_measure_5m.24569930.202505140635,82,,2110150,1,20250514,635,26,8,0,0,0,0,0,28,11,0,0,0,0,0,3,202505140635,36.857960956084185,140.7891727,,,,,,,,,,,,,,,,,
t_travospublic_measure_5m.24569931.202505140635,82,,2110160,1,20250514,635,102,5,0,0,0,0,0,85,10,0,0,0,0,0,3,202505140635,36.92281008615712,140.8423448,,,,,,,,,,,,,,,,,
t_travospublic_measure_5m.24569932.202505140635,82,,2110161,1,20250514,635,52,11,0,0,0,0,0,71,15,0,0,0,0,0,3,202505140635,37.03306503628002,140.911907,,,,,,,,,,,,,,,,,
t_travospublic_measure_5m.24569933.202505140635,82,,2110162,1,20250514,635,9,0,0,0,0,0,0,41,11,0,0,0,0,0,3,202505140635,37.11549536637102,140.9974993,,,,,,,,,,,,,,,,,
t_travospublic_measure_5m.24569934.202505140635,82,,2110163,1,20250514,635,17,6,0,0,0,0,0,57,8,0,0,0,0,0,3,202505140635,37.38527750666344,141.0086632,,,,,,,,,,,,,,,,,
t_travospublic_measure_5m.24569935.202505140635,82,,2110165,1,20250514,635,30,4,0,0,0,0,0,11,2,0,0,0,0,0,3,202505140635,37.63270112692426,140.9856901,,,,,,,,,,,,,,,,,
t_travospublic_measure_5m.24569936.202505140635,82,,2110168,1,20250514,635,22,6,0,0,0,0,0,20,7,0,0,0,0,0,3,202505140635,37.81498403711179,140.943249,,,,,,,,,,,,,,,,,
t_travospublic_measure_5m.24569937.202505140635,82,,2110170,1,20250514,635,8,4,0,0,0,0,0,15,3,0,0,0,0,0,3,202505140635,37.89520971719308,140.9035528,,,,,,,,,,,,,,,,,
t_travospublic_measure_5m.24569938.202505140635,82,,2110173,1,20250514,635,45,2,0,0,0,0,0,57,9,0,0,0,0,0,3,202505140635,37.094818366348264,140.9771016,,,,,,,,,,,,,,,,,
t_travospublic_measure_5m.24569939.202505140635,82,,2110180,1,20250514,635,19,0,0,0,0,0,0,23,2,0,0,0,0,0,3,202505140635,38.065333367362896,140.8600833,,,,,,,,,,,,,,,,,
t_travospublic_measure_5m.24569940.202505140635,82,,2110190,1,20250514,635,8,2,0,0,0,0,0,7,3,0,0,0,0,0,1,202505140635,38.69140541795727,139.678824,,,,,,,,,,,,,,,,,
t_travospublic_measure_5m.24569941.202505140635,82,,2110191,1,20250514,635,5,0,0,0,0,1,0,10,1,0,0,0,0,0,3,202505140635,38.96127130819829,139.8400569,,,,,,,,,,,,,,,,,
t_travospublic_measure_5m.24569942.202505140635,82,,2110192,1,20250514,635,24,2,0,0,0,0,0,13,2,0,0,0,0,0,3,202505140635,38.794079918050066,139.83442430000002,,,,,,,,,,,,,,,,,
t_travospublic_measure_5m.24569943.202505140635,82,,2110193,1,20250514,635,32,3,0,0,0,0,0,17,1,0,0,0,0,0,3,202505140635,38.787431758044086,139.8346764,,,,,,,,,,,,,,,,,
t_travospublic_measure_5m.24569944.202505140635,82,,2110194,1,20250514,635,6,0,0,0,0,0,0,2,1,0,0,0,0,0,3,202505140635,38.69287924795862,139.6478605,,,,,,,,,,,,,,,,,
t_travospublic_measure_5m.24569945.202505140635,82,,2110195,1,20250514,635,4,2,0,0,0,0,0,12,0,0,0,0,0,0,3,202505140635,38.61589808788817,139.5797968,,,,,,,,,,,,,,,,,
t_travospublic_measure_5m.24569946.202505140635,82,,2110196,1,20250514,635,24,0,0,0,0,0,0,16,2,0,0,0,0,0,3,202505140635,38.83854814808984,139.8486963,,,,,,,,,,,,,,,,,
t_travospublic_measure_5m.24569947.202505140635,82,,2110197,1,20250514,635,3,2,0,0,0,0,0,8,1,0,0,0,0,0,3,202505140635,38.71753625798101,139.7594082,,,,,,,,,,,,,,,,,
t_travospublic_measure_5m.24569948.202505140635,82,,2110198,1,20250514,635,10,3,0,0,0,0,0,17,2,0,0,0,0,0,3,202505140635,38.71622198797982,139.7565651,,,,,,,,,,,,,,,,,
t_travospublic_measure_5m.24569949.202505140635,82,,2110199,1,20250514,635,2,5,0,0,0,0,0,6,3,0,0,0,0,0,1,202505140635,38.60695292787995,139.5878005,,,,,,,,,,,,,,,,,
t_travospublic_measure_5m.24569950.202505140635,82,,2110201,1,20250514,635,9,2,0,0,0,0,0,5,2,0,0,0,0,0,1,202505140635,38.666421037934484,139.623761,,,,,,,,,,,,,,,,,
t_travospublic_measure_5m.24569951.202505140635,82,,2110202,1,20250514,635,41,4,0,0,0,0,0,38,3,0,0,0,0,0,3,202505140635,39.62387474875015,140.0681964,,,,,,,,,,,,,,,,,
t_travospublic_measure_5m.24569952.202505140635,82,,2110203,1,20250514,635,4,0,0,0,0,0,0,8,1,0,0,0,0,0,3,202505140635,39.240899018438185,139.9362623,,,,,,,,,,,,,,,,,
t_travospublic_measure_5m.24569953.202505140635,82,,2110204,1,20250514,635,22,1,0,0,0,0,0,0,0,0,0,0,0,0,3,202505140635,39.290490888479674,139.9747431,,,,,,,,,,,,,,,,,
t_travospublic_measure_5m.24569954.202505140635,82,,2110205,1,20250514,635,9,2,0,0,0,0,0,3,2,0,0,0,0,0,3,202505140635,39.11912903833497,139.876447,,,,,,,,,,,,,,,,,
t_travospublic_measure_5m.24569955.202505140635,82,,2110208,1,20250514,635,33,4,0,0,0,0,0,28,2,0,0,0,0,0,3,202505140635,39.38953603856155,140.030682,,,,,,,,,,,,,,,,,
t_travospublic_measure_5m.24569956.202505140635,82,,2110210,1,20250514,635,53,6,0,0,0,0,0,27,5,0,0,0,0,0,3,202505140635,39.79539903888355,140.0622,,,,,,,,,,,,,,,,,
t_travospublic_measure_5m.24569957.202505140635,82,,2110212,1,20250514,635,40,6,0,0,0,0,0,33,6,0,0,0,0,0,3,202505140635,39.718472038824196,140.083211,,,,,,,,,,,,,,,,,
t_travospublic_measure_5m.24569958.202505140635,82,,2110213,1,20250514,635,18,2,0,0,0,0,0,25,2,0,0,0,0,0,3,202505140635,39.52539935867177,140.0518185,,,,,,,,,,,,,,,,,
t_travospublic_measure_5m.24569959.202505140635,82,,2110214,1,20250514,635,23,4,0,0,0,0,0,9,2,0,0,0,0,0,3,202505140635,39.90494615896667,140.076382,,,,,,,,,,,,,,,,,
t_travospublic_measure_5m.24569960.202505140635,82,,2110215,1,20250514,635,12,1,1,0,0,0,0,16,5,0,0,0,0,0,3,202505140635,40.065833339085835,140.0683333,,,,,,,,,,,,,,,,,
t_travospublic_measure_5m.24569961.202505140635,82,,2110216,1,20250514,635,20,4,1,0,0,0,0,12,3,1,0,0,0,0,3,202505140635,40.265277839228666,140.5313889,,,,,,,,,,,,,,,,,
t_travospublic_measure_5m.24569962.202505140635,82,,2110217,1,20250514,635,19,4,0,0,0,0,0,12,4,0,0,0,0,0,3,202505140635,40.270277839232186,140.5355556,,,,,,,,,,,,,,,,,
t_travospublic_measure_5m.24569963.202505140635,82,,2110218,1,20250514,635,16,2,0,0,0,0,0,19,2,0,0,0,0,0,3,202505140635,40.191666739176576,140.0327778,,,,,,,,,,,,,,,,,
t_travospublic_measure_5m.24569964.202505140635,82,,2110219,1,20250514,635,13,4,0,0,0,0,0,10,7,0,0,0,0,0,3,202505140635,40.21805563919535,140.2775,,,,,,,,,,,,,,,,,
t_travospublic_measure_5m.24569965.202505140635,82,,2110220,1,20250514,635,5,4,0,0,0,0,0,8,1,0,0,0,0,0,3,202505140635,40.16138893915495,140.0391667,,,,,,,,,,,,,,,,,
t_travospublic_measure_5m.24569966.202505140635,82,,2110222,1,20250514,635,5,2,0,0,0,0,0,5,2,0,0,0,0,0,3,202505140635,40.30694443925781,140.5725,,,,,,,,,,,,,,,,,
t_travospublic_measure_5m.24569967.202505140635,82,,2110223,1,20250514,635,17,2,0,0,1,0,0,10,2,0,0,1,0,0,3,202505140635,39.36220703853908,140.071293,,,,,,,,,,,,,,,,,
t_travospublic_measure_5m.24569968.202505140635,82,,2110224,1,20250514,635,8,3,0,0,1,0,0,5,1,0,0,1,0,0,1,202505140635,39.36444603854093,140.074878,,,,,,,,,,,,,,,,,
t_travospublic_measure_5m.24569969.202505140635,82,,2110225,1,20250514,635,20,5,0,0,0,0,0,15,4,0,0,0,0,0,1,202505140635,39.368414038544195,140.07776,,,,,,,,,,,,,,,,,
t_travospublic_measure_5m.24569970.202505140635,82,,2110226,1,20250514,635,13,8,0,0,1,0,0,18,6,0,0,0,0,0,1,202505140635,39.476483038632374,140.053604,,,,,,,,,,,,,,,,,
t_travospublic_measure_5m.24569971.202505140635,82,,2110228,1,20250514,635,3,1,0,0,0,0,0,0,0,0,0,0,1,0,1,202505140635,39.5459050386882,140.072661,,,,,,,,,,,,,,,,,
t_travospublic_measure_5m.24569972.202505140635,82,,2110229,1,20250514,635,14,11,5,0,0,0,0,0,0,11,0,0,0,0,3,202505140635,40.23000003920379,140.487951,,,,,,,,,,,,,,,,,
t_travospublic_measure_5m.24569973.202505140635,82,,2110230,1,20250514,635,13,7,0,0,0,0,0,8,1,0,0,0,0,0,3,202505140635,40.383333339310646,140.6033333,,,,,,,,,,,,,,,,,
t_travospublic_measure_5m.24569974.202505140635,82,,2110231,1,20250514,635,9,4,0,0,0,0,0,4,5,1,0,0,0,0,3,202505140635,40.461176699363655,140.6358415,,,,,,,,,,,,,,,,,
t_travospublic_measure_5m.24569975.202505140635,82,,2110232,1,20250514,635,7,1,0,0,0,0,0,6,2,0,0,0,0,0,3,202505140635,40.20138893918351,140.3794444,,,,,,,,,,,,,,,,,
t_travospublic_measure_5m.24569976.202505140635,82,,2110233,1,20250514,635,5,0,0,0,0,0,0,8,2,0,0,0,0,0,1,202505140635,38.96155603819856,139.859806,,,,,,,,,,,,,,,,,
t_travospublic_measure_5m.24569977.202505140635,82,,2110234,1,20250514,635,21,5,8,0,0,0,0,18,5,0,0,0,0,0,3,202505140635,40.572207559437786,140.5234194,,,,,,,,,,,,,,,,,
t_travospublic_measure_5m.24569978.202505140635,82,,2110235,1,20250514,635,40,9,1,0,0,0,0,0,0,55,0,0,1,0,3,202505140635,40.604830129459245,140.4990006,,,,,,,,,,,,,,,,,
t_travospublic_measure_5m.24569979.202505140635,82,,2110236,1,20250514,635,11,1,0,0,0,0,0,6,2,0,0,0,0,0,1,202505140635,39.00850003823954,139.856924,,,,,,,,,,,,,,,,,
t_travospublic_measure_5m.24569980.202505140635,82,,2110237,1,20250514,635,3,0,0,0,0,0,0,0,0,0,0,0,0,0,1,202505140635,39.05087603827627,139.890254,,,,,,,,,,,,,,,,,
t_travospublic_measure_5m.24569981.202505140635,82,,2110240,1,20250514,635,61,4,0,0,0,0,0,56,6,0,0,0,0,0,3,202505140635,40.65713639949334,140.5082703,,,,,,,,,,,,,,,,,
t_travospublic_measure_5m.24569982.202505140635,82,,2110249,1,20250514,635,32,10,7,0,0,0,0,17,3,3,0,1,1,0,3,202505140635,40.83099501960394,140.661875,,,,,,,,,,,,,,,,,
t_travospublic_measure_5m.24569983.202505140635,82,,2110250,1,20250514,635,32,2,0,0,0,0,0,47,10,0,0,0,0,0,3,202505140635,40.76685914956362,140.5902386,,,,,,,,,,,,,,,,,
t_travospublic_measure_5m.24569984.202505140635,82,,2110251,1,20250514,635,30,2,0,0,0,1,0,79,7,0,0,0,0,0,3,202505140635,40.824380649599796,140.7354641,,,,,,,,,,,,,,,,,
t_travospublic_measure_5m.24569985.202505140635,82,,2110252,1,20250514,635,50,10,0,0,0,0,0,0,0,28,0,0,1,0,3,202505140635,40.799711479584346,140.7014751,,,,,,,,,,,,,,,,,
t_travospublic_measure_5m.24569986.202505140635,82,,2110253,1,20250514,635,18,2,0,0,0,0,0,15,5,1,0,0,0,0,3,202505140635,40.824656679599975,140.8112526,,,,,,,,,,,,,,,,,
t_travospublic_measure_5m.24569987.202505140635,82,,2110255,1,20250514,635,0,0,0,0,0,0,0,38,7,0,0,0,0,0,3,202505140635,40.797144969582746,140.7363653,,,,,,,,,,,,,,,,,
t_travospublic_measure_5m.24569988.202505140635,82,,2110256,1,20250514,635,28,6,0,0,0,0,0,0,0,0,0,0,0,0,3,202505140635,40.79522813958153,140.7503128,,,,,,,,,,,,,,,,,
t_travospublic_measure_5m.24569989.202505140635,82,,2110258,1,20250514,635,14,1,0,0,0,0,0,8,0,0,0,0,0,0,3,202505140635,39.75613893885337,141.9645833,,,,,,,,,,,,,,,,,
t_travospublic_measure_5m.24569990.202505140635,82,,2110260,1,20250514,635,44,6,0,0,0,0,0,19,4,0,0,0,0,0,3,202505140635,37.766077747061864,140.4643813,,,,,,,,,,,,,,,,,
t_travospublic_measure_5m.24569991.202505140635,82,,2110270,1,20250514,635,0,1,0,0,0,0,0,1,1,0,0,0,0,0,3,202505140635,37.82286602711981,140.2786356,,,,,,,,,,,,,,,,,
t_travospublic_measure_5m.24569992.202505140635,82,,2110271,1,20250514,635,6,2,0,0,0,0,0,10,11,0,0,0,0,0,3,202505140635,37.89655074719443,140.1500818,,,,,,,,,,,,,,,,,
t_travospublic_measure_5m.24569993.202505140635,82,,2110272,1,20250514,635,7,3,0,0,0,0,0,7,8,0,0,0,0,0,3,202505140635,37.92749748722557,140.13487,,,,,,,,,,,,,,,,,
t_travospublic_measure_5m.24569994.202505140635,82,,2110280,1,20250514,635,33,2,0,0,0,0,0,27,4,0,0,0,0,0,3,202505140635,37.99971367729781,140.14494900000003,,,,,,,,,,,,,,,,,
t_travospublic_measure_5m.24569995.202505140635,82,,2110290,1,20250514,635,37,5,0,0,0,0,0,35,4,0,0,0,0,0,3,202505140635,38.1302779674268,140.2258229,,,,,,,,,,,,,,,,,
t_travospublic_measure_5m.24569996.202505140635,82,,2110291,1,20250514,635,32,8,0,0,0,0,0,40,6,0,0,0,0,0,3,202505140635,38.159814097455694,140.3001308,,,,,,,,,,,,,,,,,
t_travospublic_measure_5m.24569997.202505140635,82,,2110292,1,20250514,635,36,5,0,0,0,0,0,27,4,0,0,0,0,0,3,202505140635,38.100793197397856,140.2046442,,,,,,,,,,,,,,,,,
t_travospublic_measure_5m.24569998.202505140635,82,,2110294,1,20250514,635,9,3,0,0,0,0,0,5,0,0,0,0,0,0,3,202505140635,37.767613677063444,140.8648291,,,,,,,,,,,,,,,,,
t_travospublic_measure_5m.24569999.202505140635,82,,2110295,1,20250514,635,13,2,0,0,0,0,0,1,1,0,0,0,0,0,3,202505140635,37.75423885704973,140.7090153,,,,,,,,,,,,,,,,,
t_travospublic_measure_5m.24570000.202505140635,82,,2110296,1,20250514,635,19,6,0,0,0,0,0,4,1,0,0,0,0,0,3,202505140635,37.75978319705542,140.5958156,,,,,,,,,,,,,,,,,
t_travospublic_measure_5m.24570001.202505140635,82,,2110297,1,20250514,635,25,2,0,0,0,0,0,6,1,0,0,0,0,0,3,202505140635,37.78113503707728,140.573819,,,,,,,,,,,,,,,,,
t_travospublic_measure_5m.24570002.202505140635,82,,2110298,1,20250514,635,30,6,0,0,0,0,0,7,4,0,0,0,0,0,3,202505140635,37.81669203711354,140.530266,,,,,,,,,,,,,,,,,
t_travospublic_measure_5m.24570003.202505140635,82,,2110299,1,20250514,635,6,3,0,0,0,0,0,7,4,0,0,0,0,0,3,202505140635,37.83294203713006,140.49615,,,,,,,,,,,,,,,,,
t_travospublic_measure_5m.24570004.202505140635,82,,2110300,1,20250514,635,10,3,0,0,0,0,0,5,7,0,0,0,0,0,1,202505140635,37.79582169709228,140.4130094,,,,,,,,,,,,,,,,,
t_travospublic_measure_5m.24570005.202505140635,82,,2110301,1,20250514,635,19,0,0,0,0,0,0,11,10,0,0,0,0,0,3,202505140635,37.8687824871664,140.2279023,,,,,,,,,,,,,,,,,
t_travospublic_measure_5m.24570006.202505140635,82,,2110305,1,20250514,635,61,7,0,0,0,0,0,56,4,0,0,0,0,0,3,202505140635,38.32857829761873,140.3671432,,,,,,,,,,,,,,,,,
t_travospublic_measure_5m.24570007.202505140635,82,,2110307,1,20250514,635,21,0,0,0,0,0,0,28,2,0,0,0,0,0,3,202505140635,38.48098003776293,140.382831,,,,,,,,,,,,,,,,,
t_travospublic_measure_5m.24570008.202505140635,82,,2110308,1,20250514,635,24,2,0,0,0,0,0,28,10,0,0,0,0,0,1,202505140635,38.56804854784401,140.4001378,,,,,,,,,,,,,,,,,
t_travospublic_measure_5m.24570009.202505140635,82,,2110309,1,20250514,635,14,3,0,0,0,0,0,21,12,0,0,0,0,0,1,202505140635,38.42500003771029,140.352222,,,,,,,,,,,,,,,,,
t_travospublic_measure_5m.24570010.202505140635,82,,2110310,1,20250514,635,25,2,0,0,0,0,0,7,3,0,0,0,0,0,3,202505140635,38.57581640785121,140.403707,,,,,,,,,,,,,,,,,
t_travospublic_measure_5m.24570011.202505140635,82,,2110311,1,20250514,635,20,1,0,0,0,0,0,28,8,0,0,0,0,0,1,202505140635,38.5505555978278,140.3888889,,,,,,,,,,,,,,,,,
t_travospublic_measure_5m.24570012.202505140635,82,,2110312,1,20250514,635,19,1,0,0,0,0,0,29,15,0,0,0,0,0,3,202505140635,38.618265997890354,140.3838155,,,,,,,,,,,,,,,,,
t_travospublic_measure_5m.24570013.202505140635,82,,2110313,1,20250514,635,28,2,0,0,0,0,0,12,6,0,0,0,0,0,3,202505140635,38.676631947943804,140.3212881,,,,,,,,,,,,,,,,,
t_travospublic_measure_5m.24570014.202505140635,82,,2110314,1,20250514,635,34,4,0,0,0,0,0,19,8,0,0,0,0,0,3,202505140635,38.71993903798319,140.308757,,,,,,,,,,,,,,,,,
t_travospublic_measure_5m.24570015.202505140635,82,,2110315,1,20250514,635,21,0,0,0,0,0,0,17,2,0,0,0,0,0,3,202505140635,38.8033716780584,140.3206605,,,,,,,,,,,,,,,,,
t_travospublic_measure_5m.24570016.202505140635,82,,2110316,1,20250514,635,11,1,0,0,0,0,0,4,1,0,0,0,0,0,3,202505140635,38.76592131802475,140.2832866,,,,,,,,,,,,,,,,,
t_travospublic_measure_5m.24570017.202505140635,82,,2110317,1,20250514,635,4,0,0,0,0,0,0,2,3,0,0,0,0,0,3,202505140635,38.92122303816311,140.328884,,,,,,,,,,,,,,,,,
t_travospublic_measure_5m.24570018.202505140635,82,,2110318,1,20250514,635,5,1,0,0,0,0,0,3,3,0,0,0,0,0,3,202505140635,38.94673520818555,140.3547943,,,,,,,,,,,,,,,,,
t_travospublic_measure_5m.24570019.202505140635,82,,2110319,1,20250514,635,9,1,0,0,0,0,0,7,6,0,0,0,0,0,3,202505140635,39.072178338294655,140.4714918,,,,,,,,,,,,,,,,,
t_travospublic_measure_5m.24570020.202505140635,82,,2110320,1,20250514,635,3,0,0,0,0,0,0,10,7,0,0,0,0,0,3,202505140635,39.11258080832936,140.486598,,,,,,,,,,,,,,,,,
t_travospublic_measure_5m.24570021.202505140635,82,,2110321,1,20250514,635,22,4,0,0,0,0,0,16,1,0,0,0,0,0,3,202505140635,39.181412318388,140.4959965,,,,,,,,,,,,,,,,,
t_travospublic_measure_5m.24570022.202505140635,82,,2110322,1,20250514,635,10,2,0,0,0,0,0,9,0,1,0,0,0,0,3,202505140635,39.1455093483575,140.4912436,,,,,,,,,,,,,,,,,
t_travospublic_measure_5m.24570023.202505140635,82,,2110324,1,20250514,635,1,1,0,0,0,0,0,0,1,0,0,0,0,0,3,202505140635,39.046668898272635,140.4131154,,,,,,,,,,,,,,,,,
t_travospublic_measure_5m.24570024.202505140635,82,,2110325,1,20250514,635,22,4,0,0,0,0,0,39,19,0,0,0,0,0,1,202505140635,38.463333037746374,140.3575,,,,,,,,,,,,,,,,,
t_travospublic_measure_5m.24570025.202505140635,82,,2110326,1,20250514,635,32,3,0,0,0,0,0,25,15,0,0,0,0,0,1,202505140635,38.49944403778021,140.370833,,,,,,,,,,,,,,,,,
t_travospublic_measure_5m.24570026.202505140635,82,,2110327,1,20250514,635,16,2,0,0,0,0,0,29,2,0,0,0,0,0,3,202505140635,39.249316578445246,140.5351192,,,,,,,,,,,,,,,,,
t_travospublic_measure_5m.24570027.202505140635,82,,2110328,1,20250514,635,4,4,0,0,0,0,0,4,1,0,0,0,0,0,3,202505140635,38.78089403803823,140.293372,,,,,,,,,,,,,,,,,
t_travospublic_measure_5m.24570028.202505140635,82,,2110335,1,20250514,635,9,4,8,0,0,1,0,20,3,1,0,0,0,0,3,202505140635,39.45464609861468,140.4982871,,,,,,,,,,,,,,,,,
t_travospublic_measure_5m.24570029.202505140635,82,,2110337,1,20250514,635,12,6,0,0,0,0,0,32,3,0,0,0,0,0,3,202505140635,39.56556981870389,140.3349352,,,,,,,,,,,,,,,,,
t_travospublic_measure_5m.24570030.202505140635,82,,2110340,1,20250514,635,40,12,0,0,0,0,0,39,9,0,0,0,0,0,3,202505140635,39.66778703878465,140.165768,,,,,,,,,,,,,,,,,
t_travospublic_measure_5m.24570031.202505140635,82,,2110350,1,20250514,635,63,16,0,0,0,0,0,70,5,0,0,0,0,0,3,202505140635,38.27013892756266,140.95175,,,,,,,,,,,,,,,,,
t_travospublic_measure_5m.24570032.202505140635,82,,2110352,1,20250514,635,110,8,0,0,0,0,0,36,17,1,0,0,0,0,3,202505140635,38.425472257710744,141.1867778,,,,,,,,,,,,,,,,,
t_travospublic_measure_5m.24570033.202505140635,82,,2110353,1,20250514,635,111,10,0,0,0,0,0,49,19,0,0,0,0,0,3,202505140635,38.43294447771779,141.2090556,,,,,,,,,,,,,,,,,
t_travospublic_measure_5m.24570034.202505140635,82,,2110354,1,20250514,635,83,10,0,0,0,0,0,41,13,0,0,0,0,0,3,202505140635,38.442000037726324,141.2525833,,,,,,,,,,,,,,,,,
t_travospublic_measure_5m.24570035.202505140635,82,,2110355,1,20250514,635,60,7,1,0,0,0,0,34,16,3,0,0,0,0,3,202505140635,38.48202781776391,141.2923889,,,,,,,,,,,,,,,,,
t_travospublic_measure_5m.24570036.202505140635,82,,2110356,1,20250514,635,25,1,0,0,0,0,0,16,2,0,0,0,0,0,3,202505140635,38.50011114778083,141.2940556,,,,,,,,,,,,,,,,,
t_travospublic_measure_5m.24570037.202505140635,82,,2110357,1,20250514,635,50,6,0,0,0,0,0,27,15,0,0,0,0,0,3,202505140635,38.50430559778474,141.2861944,,,,,,,,,,,,,,,,,
t_travospublic_measure_5m.24570038.202505140635,82,,2110358,1,20250514,635,20,6,0,0,0,0,0,20,13,3,0,0,0,0,3,202505140635,38.590638927864894,141.27905560000002,,,,,,,,,,,,,,,,,
t_travospublic_measure_5m.24570039.202505140635,82,,2110359,1,20250514,635,18,6,0,0,0,0,0,25,9,1,0,0,0,0,3,202505140635,38.61066670788337,141.2839722,,,,,,,,,,,,,,,,,
t_travospublic_measure_5m.24570040.202505140635,82,,2110360,1,20250514,635,9,0,0,0,0,0,0,9,1,0,0,0,0,0,3,202505140635,38.429333367714385,141.2390278,,,,,,,,,,,,,,,,,
t_travospublic_measure_5m.24570041.202505140635,82,,2110362,1,20250514,635,16,4,0,0,0,0,0,23,12,0,0,0,0,0,3,202505140635,38.696083367961535,141.2831389,,,,,,,,,,,,,,,,,
t_travospublic_measure_5m.24570042.202505140635,82,,2110363,1,20250514,635,63,13,0,0,0,0,0,45,13,0,0,0,0,0,3,202505140635,38.456555597740014,141.2745,,,,,,,,,,,,,,,,,
t_travospublic_measure_5m.24570043.202505140635,82,,2110364,1,20250514,635,11,2,0,0,0,0,0,3,7,0,0,0,0,0,3,202505140635,38.95011114818852,141.6280556,,,,,,,,,,,,,,,,,
t_travospublic_measure_5m.24570044.202505140635,82,,2110365,1,20250514,635,13,0,0,0,0,0,0,8,2,0,0,0,0,0,3,202505140635,38.91941670816153,141.5704722,,,,,,,,,,,,,,,,,
t_travospublic_measure_5m.24570045.202505140635,82,,2110366,1,20250514,635,4,2,0,0,0,0,0,22,16,0,0,0,0,0,3,202505140635,38.71113892797521,141.3101667,,,,,,,,,,,,,,,,,
t_travospublic_measure_5m.24570046.202505140635,82,,2110367,1,20250514,635,14,4,0,0,0,0,0,20,6,0,0,0,0,0,3,202505140635,39.02656869825523,141.6974974,,,,,,,,,,,,,,,,,
t_travospublic_measure_5m.24570047.202505140635,82,,2110368,1,20250514,635,19,2,0,0,0,0,0,7,11,0,0,0,0,0,3,202505140635,38.70219447796709,141.3930833,,,,,,,,,,,,,,,,,
t_travospublic_measure_5m.24570048.202505140635,82,,2110370,1,20250514,635,9,0,0,0,0,0,0,24,3,0,0,0,0,0,3,202505140635,39.059216658283475,141.7193842,,,,,,,,,,,,,,,,,
t_travospublic_measure_5m.24570049.202505140635,82,,2110371,1,20250514,635,8,1,0,0,0,0,0,8,1,0,0,0,0,0,3,202505140635,39.074077398296275,141.7034197,,,,,,,,,,,,,,,,,
t_travospublic_measure_5m.24570050.202505140635,82,,2110372,1,20250514,635,7,3,0,0,0,0,0,15,7,0,0,0,0,0,3,202505140635,39.125195598340156,141.7347157,,,,,,,,,,,,,,,,,
t_travospublic_measure_5m.24570051.202505140635,82,,2110373,1,20250514,635,11,3,0,0,0,0,0,10,4,0,0,0,0,0,3,202505140635,39.12205355833746,141.7899934,,,,,,,,,,,,,,,,,
t_travospublic_measure_5m.24570052.202505140635,82,,2110374,1,20250514,635,7,0,0,0,0,0,0,14,6,0,0,0,0,0,3,202505140635,39.03121932825926,141.6337144,,,,,,,,,,,,,,,,,
t_travospublic_measure_5m.24570053.202505140635,82,,2110379,1,20250514,635,7,3,0,0,0,0,0,4,4,0,0,0,0,0,3,202505140635,39.14893559836042,141.8295097,,,,,,,,,,,,,,,,,
t_travospublic_measure_5m.24570054.202505140635,82,,2110380,1,20250514,635,19,1,0,0,0,0,0,18,1,0,0,0,0,0,3,202505140635,39.29661287848477,141.8836641,,,,,,,,,,,,,,,,,
t_travospublic_measure_5m.24570055.202505140635,82,,2110381,1,20250514,635,10,2,0,0,0,0,0,9,7,4,0,0,0,0,3,202505140635,38.69052781795646,141.4270556,,,,,,,,,,,,,,,,,
t_travospublic_measure_5m.24570056.202505140635,82,,2110382,1,20250514,635,21,1,0,0,0,0,0,14,9,0,0,0,0,0,3,202505140635,38.70547225797006,141.4960833,,,,,,,,,,,,,,,,,
t_travospublic_measure_5m.24570057.202505140635,82,,2110383,1,20250514,635,24,1,0,0,0,0,0,12,5,0,0,0,0,0,3,202505140635,39.32251283850628,141.8802524,,,,,,,,,,,,,,,,,
t_travospublic_measure_5m.24570058.202505140635,82,,2110384,1,20250514,635,18,3,0,0,0,0,0,19,6,0,0,0,0,0,3,202505140635,38.81825003807172,141.5580556,,,,,,,,,,,,,,,,,
t_travospublic_measure_5m.24570059.202505140635,82,,2110386,1,20250514,635,12,2,1,0,0,0,0,9,3,0,0,0,0,0,3,202505140635,39.48490003863918,141.95454,,,,,,,,,,,,,,,,,
t_travospublic_measure_5m.24570060.202505140635,82,,2110387,1,20250514,635,0,0,6,0,0,0,0,14,3,0,0,0,0,0,3,202505140635,39.59193303872486,141.940478,,,,,,,,,,,,,,,,,
t_travospublic_measure_5m.24570061.202505140635,82,,2110389,1,20250514,635,6,1,0,0,0,0,0,10,3,0,0,0,0,0,3,202505140635,39.8199300389023,141.96138,,,,,,,,,,,,,,,,,
t_travospublic_measure_5m.24570062.202505140635,82,,2110390,1,20250514,635,4,0,0,0,0,0,0,15,1,0,0,0,0,0,3,202505140635,39.6109121487399,141.9617271,,,,,,,,,,,,,,,,,
t_travospublic_measure_5m.24570063.202505140635,82,,2110391,1,20250514,635,16,2,1,0,0,0,0,21,3,0,0,0,0,0,3,202505140635,39.60033161873152,141.9352001,,,,,,,,,,,,,,,,,
t_travospublic_measure_5m.24570064.202505140635,82,,2110392,1,20250514,635,11,3,0,0,0,0,0,14,4,0,0,0,0,0,3,202505140635,39.836270038914755,141.96038,,,,,,,,,,,,,,,,,
t_travospublic_measure_5m.24570065.202505140635,82,,2110393,1,20250514,635,8,4,0,0,0,0,0,2,5,0,0,0,0,0,3,202505140635,39.87071503894088,141.94008,,,,,,,,,,,,,,,,,
t_travospublic_measure_5m.24570066.202505140635,82,,2110394,1,20250514,635,13,4,0,0,0,0,0,16,9,0,0,0,0,0,3,202505140635,38.86638892811462,141.5685833,,,,,,,,,,,,,,,,,
t_travospublic_measure_5m.24570067.202505140635,82,,2110395,1,20250514,635,1,0,0,0,0,0,0,0,0,0,0,0,0,0,3,202505140635,39.929155418984834,141.8968391,,,,,,,,,,,,,,,,,
t_travospublic_measure_5m.24570068.202505140635,82,,2110396,1,20250514,635,7,6,0,0,0,0,0,6,2,0,0,0,1,0,3,202505140635,39.93351162898809,141.8457699,,,,,,,,,,,,,,,,,
t_travospublic_measure_5m.24570069.202505140635,82,,2110397,1,20250514,635,3,0,0,0,0,0,0,2,1,0,0,0,0,0,3,202505140635,39.9934900390327,141.881411,,,,,,,,,,,,,,,,,
t_travospublic_measure_5m.24570070.202505140635,82,,2110398,1,20250514,635,13,1,0,0,0,0,0,20,1,0,0,0,0,0,3,202505140635,40.20094503918319,141.780441,,,,,,,,,,,,,,,,,
t_travospublic_measure_5m.24570071.202505140635,82,,2110399,1,20250514,635,3,1,0,0,0,0,0,5,1,0,0,0,0,0,3,202505140635,40.020460039052594,141.881877,,,,,,,,,,,,,,,,,
t_travospublic_measure_5m.24570072.202505140635,82,,2110400,1,20250514,635,2,0,0,0,0,0,0,3,0,0,0,0,0,0,3,202505140635,40.25475328922127,141.7886066,,,,,,,,,,,,,,,,,
t_travospublic_measure_5m.24570073.202505140635,82,,2110401,1,20250514,635,6,1,0,0,0,0,0,5,3,0,0,0,0,0,3,202505140635,39.029891708258106,141.6224,,,,,,,,,,,,,,,,,
t_travospublic_measure_5m.24570074.202505140635,82,,2110403,1,20250514,635,7,2,0,0,0,0,0,5,2,1,0,0,0,0,3,202505140635,39.15806392836817,141.8413306,,,,,,,,,,,,,,,,,
t_travospublic_measure_5m.24570075.202505140635,82,,2110404,1,20250514,635,22,2,0,0,0,0,0,36,7,0,0,0,0,0,3,202505140635,40.5060336693938,141.5313292,,,,,,,,,,,,,,,,,
t_travospublic_measure_5m.24570076.202505140635,82,,2110405,1,20250514,635,34,5,0,0,0,0,0,79,4,0,0,0,0,0,3,202505140635,40.53102370941049,141.4620209,,,,,,,,,,,,,,,,,
t_travospublic_measure_5m.24570077.202505140635,82,,2110407,1,20250514,635,18,3,0,0,0,0,0,13,0,0,0,0,0,0,3,202505140635,40.48142601937729,141.5386677,,,,,,,,,,,,,,,,,
t_travospublic_measure_5m.24570078.202505140635,82,,2110408,1,20250514,635,31,5,0,0,0,0,0,39,6,0,0,0,0,0,3,202505140635,40.554765389426244,141.4358425,,,,,,,,,,,,,,,,,
t_travospublic_measure_5m.24570079.202505140635,82,,2110409,1,20250514,635,6,2,0,0,0,0,0,16,7,0,0,0,0,0,3,202505140635,39.24333336844022,141.8452778,,,,,,,,,,,,,,,,,
t_travospublic_measure_5m.24570080.202505140635,82,,2110410,1,20250514,635,25,6,0,0,0,0,0,11,4,0,0,0,0,0,3,202505140635,40.48025089937651,141.5793943,,,,,,,,,,,,,,,,,
t_travospublic_measure_5m.24570081.202505140635,82,,2110412,1,20250514,635,13,4,0,0,0,0,0,13,5,0,0,0,0,0,3,202505140635,40.66162803949626,141.324363,,,,,,,,,,,,,,,,,
t_travospublic_measure_5m.24570082.202505140635,82,,2110413,1,20250514,635,19,4,0,0,0,0,0,26,6,0,0,0,0,0,3,202505140635,40.675139039505,141.304575,,,,,,,,,,,,,,,,,
t_travospublic_measure_5m.24570083.202505140635,82,,2110414,1,20250514,635,40,6,0,0,0,0,0,23,7,0,0,0,0,0,3,202505140635,39.699724768809624,141.0544968,,,,,,,,,,,,,,,,,
t_travospublic_measure_5m.24570084.202505140635,82,,2110415,1,20250514,635,26,4,0,0,0,0,0,11,3,0,0,0,0,0,3,202505140635,39.69160156880328,141.008749,,,,,,,,,,,,,,,,,
t_travospublic_measure_5m.24570085.202505140635,82,,2110416,1,20250514,635,4,0,0,0,0,0,0,4,1,1,0,0,0,0,3,202505140635,39.70020353880998,140.8836508,,,,,,,,,,,,,,,,,
t_travospublic_measure_5m.24570086.202505140635,82,,2110417,1,20250514,635,4,2,0,0,0,0,0,0,0,0,0,0,0,0,3,202505140635,40.47147403937059,141.474002,,,,,,,,,,,,,,,,,
t_travospublic_measure_5m.24570087.202505140635,82,,2110418,1,20250514,635,18,1,0,0,0,0,0,14,5,0,0,0,0,0,3,202505140635,39.260555598454665,141.8394444,,,,,,,,,,,,,,,,,
t_travospublic_measure_5m.24570088.202505140635,82,,2110419,1,20250514,635,20,3,0,0,0,0,0,10,1,0,0,0,0,0,3,202505140635,39.288333368477865,141.8633333,,,,,,,,,,,,,,,,,
t_travospublic_measure_5m.24570089.202505140635,82,,2110421,1,20250514,635,14,2,0,0,0,0,0,10,7,0,0,0,0,0,3,202505140635,39.366111148542295,141.9044444,,,,,,,,,,,,,,,,,
t_travospublic_measure_5m.24570090.202505140635,82,,2110422,1,20250514,635,19,2,0,0,0,0,0,8,8,0,0,0,0,0,3,202505140635,39.36731670854329,141.8911806,,,,,,,,,,,,,,,,,
t_travospublic_measure_5m.24570091.202505140635,82,,2110423,1,20250514,635,13,1,0,0,0,0,0,18,2,0,0,0,0,0,3,202505140635,40.22921103920324,141.7800234,,,,,,,,,,,,,,,,,
t_travospublic_measure_5m.24570092.202505140635,82,,2110424,1,20250514,635,0,0,0,0,0,1,0,11,2,0,0,0,0,0,3,202505140635,39.601276038732266,140.551915,,,,,,,,,,,,,,,,,
t_travospublic_measure_5m.24570093.202505140635,82,,2110427,1,20250514,635,7,3,0,0,0,0,0,12,1,0,0,0,0,0,3,202505140635,40.27682203923677,141.790009,,,,,,,,,,,,,,,,,
t_travospublic_measure_5m.24570094.202505140635,82,,2110428,1,20250514,635,10,4,0,0,0,0,0,9,4,1,0,0,0,0,3,202505140635,38.73391670799585,140.7839722,,,,,,,,,,,,,,,,,
t_travospublic_measure_5m.24570095.202505140635,82,,2110430,1,20250514,635,7,5,0,0,0,0,0,10,9,0,0,0,0,0,3,202505140635,38.74891670800941,140.7295,,,,,,,,,,,,,,,,,
t_travospublic_measure_5m.24570096.202505140635,82,,2110432,1,20250514,635,5,0,0,0,0,0,0,3,1,0,0,0,0,0,3,202505140635,38.74249403800362,140.539014,,,,,,,,,,,,,,,,,
t_travospublic_measure_5m.24570097.202505140635,82,,2110435,1,20250514,635,19,8,0,0,0,0,0,22,9,0,0,0,0,0,3,202505140635,38.74138978800262,140.2831578,,,,,,,,,,,,,,,,,
t_travospublic_measure_5m.24570098.202505140635,82,,2110436,1,20250514,635,15,11,0,0,0,0,0,15,10,0,0,0,0,0,3,202505140635,38.74163030800284,140.2494012,,,,,,,,,,,,,,,,,
t_travospublic_measure_5m.24570099.202505140635,82,,2110437,1,20250514,635,8,4,0,0,0,0,0,11,7,0,0,0,0,0,3,202505140635,38.73670292799837,140.1520219,,,,,,,,,,,,,,,,,
t_travospublic_measure_5m.24570100.202505140635,82,,2110438,1,20250514,635,12,12,0,0,0,0,0,18,10,0,0,0,0,0,3,202505140635,38.745210838006074,140.2326227,,,,,,,,,,,,,,,,,
t_travospublic_measure_5m.24570101.202505140635,82,,2110445,1,20250514,635,85,5,0,0,0,0,0,63,9,0,0,0,0,0,3,202505140635,38.26508336755781,140.7930833,,,,,,,,,,,,,,,,,
t_travospublic_measure_5m.24570102.202505140635,82,,2110450,1,20250514,635,10,3,0,0,0,0,0,6,9,0,0,0,0,0,3,202505140635,38.391999797679084,140.5672252,,,,,,,,,,,,,,,,,
t_travospublic_measure_5m.24570103.202505140635,82,,2110451,1,20250514,635,19,2,0,0,0,0,0,7,5,0,0,0,0,0,3,202505140635,38.877650438124604,139.8869442,,,,,,,,,,,,,,,,,
t_travospublic_measure_5m.24570104.202505140635,82,,2110452,1,20250514,635,24,1,0,0,0,0,0,14,5,0,0,0,0,0,3,202505140635,38.901543148145755,139.8723154,,,,,,,,,,,,,,,,,
t_travospublic_measure_5m.24570105.202505140635,82,,2110453,1,20250514,635,0,0,0,0,0,0,0,0,0,0,0,0,0,0,3,202505140635,38.90368057814766,139.8668909,,,,,,,,,,,,,,,,,
t_travospublic_measure_5m.24570106.202505140635,82,,2110454,1,20250514,635,19,2,0,0,0,0,0,9,5,0,0,0,0,0,3,202505140635,38.87364379812106,139.886117,,,,,,,,,,,,,,,,,
t_travospublic_measure_5m.24570107.202505140635,82,,2110455,1,20250514,635,16,3,0,0,0,0,0,62,9,0,0,0,0,0,3,202505140635,37.062925546313075,140.8516252,,,,,,,,,,,,,,,,,
t_travospublic_measure_5m.24570108.202505140635,82,,2110456,1,20250514,635,9,3,0,0,0,0,0,5,4,0,0,0,0,0,3,202505140635,38.85157810810144,139.8908657,,,,,,,,,,,,,,,,,
t_travospublic_measure_5m.24570109.202505140635,82,,2110457,1,20250514,635,7,3,0,0,0,0,0,11,1,0,0,0,0,0,3,202505140635,38.831843418083864,139.9098858,,,,,,,,,,,,,,,,,
t_travospublic_measure_5m.24570110.202505140635,82,,2110460,1,20250514,635,28,6,0,0,0,0,0,10,6,0,0,0,0,0,3,202505140635,37.11000003636498,140.7641667,,,,,,,,,,,,,,,,,
t_travospublic_measure_5m.24570111.202505140635,82,,2110464,1,20250514,635,12,10,1,0,0,0,0,7,2,0,0,0,0,0,3,202505140635,37.31106211658384,140.4823494,,,,,,,,,,,,,,,,,
t_travospublic_measure_5m.24570112.202505140635,82,,2110465,1,20250514,635,39,13,0,0,0,0,0,32,4,0,0,0,0,0,3,202505140635,37.33970064661463,140.406585,,,,,,,,,,,,,,,,,
t_travospublic_measure_5m.24570113.202505140635,82,,2110470,1,20250514,635,8,1,0,0,0,0,0,14,6,0,0,0,0,0,3,202505140635,37.49456687677952,140.2463901,,,,,,,,,,,,,,,,,
t_travospublic_measure_5m.24570114.202505140635,82,,2110472,1,20250514,635,1,0,0,0,0,0,0,5,3,0,0,0,0,0,3,202505140635,37.65080306694305,139.5936209,,,,,,,,,,,,,,,,,
t_travospublic_measure_5m.24570115.202505140635,82,,2110473,1,20250514,635,27,5,0,0,0,0,0,14,12,0,0,0,0,0,3,202505140635,37.548570346836364,139.9683643,,,,,,,,,,,,,,,,,
t_travospublic_measure_5m.24570116.202505140635,82,,2110474,1,20250514,635,18,0,0,0,0,0,0,27,6,0,0,0,0,0,3,202505140635,37.55735328684558,139.8550022,,,,,,,,,,,,,,,,,
t_travospublic_measure_5m.24570117.202505140635,82,,2110477,1,20250514,635,14,3,0,0,0,0,0,22,2,0,0,0,0,0,3,202505140635,40.48547352938001,141.42665860000002,,,,,,,,,,,,,,,,,
t_travospublic_measure_5m.24570118.202505140635,82,,2110478,1,20250514,635,13,2,0,0,0,0,0,17,0,0,0,0,0,0,3,202505140635,38.5266667078056,141.1558333,,,,,,,,,,,,,,,,,
t_travospublic_measure_5m.24570119.202505140635,82,,2110479,1,20250514,635,16,3,0,0,0,0,0,18,3,0,0,0,0,0,3,202505140635,38.5560555978329,141.0687778,,,,,,,,,,,,,,,,,
t_travospublic_measure_5m.24570120.202505140635,82,,2110480,1,20250514,635,24,3,0,0,0,0,0,22,0,0,0,0,0,0,3,202505140635,38.5700833678459,140.98325,,,,,,,,,,,,,,,,,
t_travospublic_measure_5m.24570121.202505140635,82,,2110481,1,20250514,635,3,2,0,0,0,0,0,0,0,0,0,0,0,0,3,202505140635,39.036923848264195,140.3899339,,,,,,,,,,,,,,,,,
t_travospublic_measure_5m.24570122.202505140635,82,,2110482,1,20250514,635,17,3,0,0,0,0,0,10,3,0,0,0,0,0,3,202505140635,39.363397818540065,140.5656534,,,,,,,,,,,,,,,,,
t_travospublic_measure_5m.24570123.202505140635,82,,2110485,1,20250514,635,48,2,0,0,0,0,0,35,4,0,0,0,0,0,3,202505140635,38.33956088762922,140.2816558,,,,,,,,,,,,,,,,,
t_travospublic_measure_5m.24570124.202505140635,82,,2110488,1,20250514,635,0,0,0,0,0,0,0,7,4,0,0,0,0,0,3,202505140635,38.4566470377401,140.032103,,,,,,,,,,,,,,,,,
t_travospublic_measure_5m.24570125.202505140635,82,,2110491,1,20250514,635,4,4,0,0,0,0,0,8,8,0,0,0,0,0,3,202505140635,38.58079848785582,139.9398136,,,,,,,,,,,,,,,,,
t_travospublic_measure_5m.24570126.202505140635,82,,2110500,1,20250514,635,7,4,0,0,0,0,0,4,3,0,0,0,0,0,3,202505140635,38.046173177343945,139.7837305,,,,,,,,,,,,,,,,,
t_travospublic_measure_5m.24570127.202505140635,82,,2110501,1,20250514,635,1,0,0,0,0,0,0,3,7,0,0,0,0,0,3,202505140635,38.0753590373728,139.72116,,,,,,,,,,,,,,,,,
t_travospublic_measure_5m.24570128.202505140635,82,,2110502,1,20250514,635,7,1,0,0,0,0,0,3,0,0,0,0,0,0,3,202505140635,38.04606303734383,140.051715,,,,,,,,,,,,,,,,,
t_travospublic_measure_5m.24570129.202505140635,82,,2110503,1,20250514,635,18,2,0,0,0,0,0,7,0,0,0,0,0,0,3,202505140635,38.044627037342416,140.064483,,,,,,,,,,,,,,,,,
t_travospublic_measure_5m.24570130.202505140635,82,,2110504,1,20250514,635,15,4,0,0,0,0,0,15,2,0,0,0,0,0,3,202505140635,38.04518462734297,140.1366019,,,,,,,,,,,,,,,,,
t_travospublic_measure_5m.24570131.202505140635,82,,2110510,1,20250514,635,21,8,0,0,0,0,0,9,1,0,0,0,0,0,3,202505140635,38.02769263732563,140.1668358,,,,,,,,,,,,,,,,,
t_travospublic_measure_5m.24570132.202505140635,82,,2110519,1,20250514,635,15,2,0,0,0,0,0,3,3,0,0,0,0,0,3,202505140635,39.25195903844747,141.77938700000004,,,,,,,,,,,,,,,,,
t_travospublic_measure_5m.24570133.202505140635,82,,2110520,1,20250514,635,10,3,0,0,0,0,0,18,3,0,0,0,0,0,3,202505140635,39.24514978844176,141.7423439,,,,,,,,,,,,,,,,,
t_travospublic_measure_5m.24570134.202505140635,82,,2110521,1,20250514,635,12,0,0,0,0,0,0,14,5,0,0,0,0,0,3,202505140635,39.246448038442836,141.63560000000004,,,,,,,,,,,,,,,,,
t_travospublic_measure_5m.24570135.202505140635,82,,2110531,1,20250514,635,10,1,0,0,0,0,0,36,5,0,0,0,0,0,1,202505140635,39.32515718850848,141.4883819,,,,,,,,,,,,,,,,,
t_travospublic_measure_5m.24570136.202505140635,82,,2110540,1,20250514,635,21,4,0,0,0,0,0,28,4,0,0,0,0,0,1,202505140635,39.28807706847765,141.3475227,,,,,,,,,,,,,,,,,
t_travospublic_measure_5m.24570137.202505140635,82,,2110541,1,20250514,635,7,2,0,0,0,0,0,18,3,0,0,0,0,0,1,202505140635,39.314345428499514,141.2615204,,,,,,,,,,,,,,,,,
t_travospublic_measure_5m.24570138.202505140635,82,,2110542,1,20250514,635,13,4,0,0,0,0,0,3,0,0,0,0,0,0,3,202505140635,39.283375038473736,141.5516694,,,,,,,,,,,,,,,,,
t_travospublic_measure_5m.24570139.202505140635,82,,2110552,1,20250514,635,18,2,0,0,0,0,0,11,14,0,0,0,0,0,3,202505140635,38.75991670801934,141.5025278,,,,,,,,,,,,,,,,,
t_travospublic_measure_5m.24570140.202505140635,82,,2110553,1,20250514,635,12,1,0,0,0,0,0,12,3,0,0,0,0,0,3,202505140635,38.80716670806179,141.54275,,,,,,,,,,,,,,,,,
t_travospublic_measure_5m.24570141.202505140635,82,,2110554,1,20250514,635,10,1,0,0,0,0,0,7,3,0,0,0,0,0,3,202505140635,38.96347225820022,141.6241944,,,,,,,,,,,,,,,,,
t_travospublic_measure_5m.24570142.202505140635,82,,2110555,1,20250514,635,2,2,1,0,0,0,0,8,1,0,0,0,0,0,3,202505140635,39.21138892841335,141.865,,,,,,,,,,,,,,,,,
t_travospublic_measure_5m.24570143.202505140635,82,,2110556,1,20250514,635,12,2,0,0,0,0,0,28,11,0,0,0,0,0,3,202505140635,38.8781944781251,141.5846444,,,,,,,,,,,,,,,,,
t_travospublic_measure_5m.24570144.202505140635,82,,2110557,1,20250514,635,10,1,1,0,0,0,0,7,12,0,0,0,0,0,3,202505140635,38.789722258046154,141.5180556,,,,,,,,,,,,,,,,,
t_travospublic_measure_5m.24570145.202505140635,82,,2110558,1,20250514,635,6,0,0,0,0,0,0,15,9,0,0,0,0,0,3,202505140635,38.88277803812915,141.585833,,,,,,,,,,,,,,,,,
t_travospublic_measure_5m.24570146.202505140635,82,,2110559,1,20250514,635,10,2,0,0,0,0,0,12,7,0,0,0,0,0,3,202505140635,38.925278038166695,141.6025,,,,,,,,,,,,,,,,,
t_travospublic_measure_5m.24570147.202505140635,82,,2110560,1,20250514,635,5,1,0,0,0,0,0,9,6,0,0,0,0,0,3,202505140635,38.89750003814219,141.595,,,,,,,,,,,,,,,,,
t_travospublic_measure_5m.24570148.202505140635,82,,2110561,1,20250514,635,11,2,0,0,0,0,0,13,7,0,0,0,0,0,3,202505140635,38.91750003815984,141.591944,,,,,,,,,,,,,,,,,
t_travospublic_measure_5m.24570149.202505140635,82,,2110601,1,20250514,635,5,6,0,0,0,0,0,4,5,0,0,0,0,0,3,202505140635,39.91987303897789,141.896614,,,,,,,,,,,,,,,,,
t_travospublic_measure_5m.24570150.202505140635,82,,2110602,1,20250514,635,9,3,0,0,0,0,0,6,2,0,0,0,0,0,3,202505140635,40.106109629115124,141.8094475,,,,,,,,,,,,,,,,,
t_travospublic_measure_5m.24570151.202505140635,82,,2110603,1,20250514,635,11,1,1,0,0,0,0,11,2,0,0,0,0,0,3,202505140635,40.11805381912376,141.7994516,,,,,,,,,,,,,,,,,
t_travospublic_measure_5m.24570152.202505140635,82,,2110604,1,20250514,635,4,1,0,0,0,0,0,3,0,0,0,0,0,0,3,202505140635,40.1607780391545,141.767278,,,,,,,,,,,,,,,,,
t_travospublic_measure_5m.24570153.202505140635,82,,2110605,1,20250514,635,6,2,0,0,0,0,0,6,0,0,0,0,0,0,3,202505140635,40.18849803917432,141.78815,,,,,,,,,,,,,,,,,
t_travospublic_measure_5m.24570154.202505140635,82,,2110606,1,20250514,635,3,3,1,0,0,0,0,7,1,0,0,0,0,0,3,202505140635,40.28714403924399,141.781585,,,,,,,,,,,,,,,,,
t_travospublic_measure_5m.24570155.202505140635,82,,2110607,1,20250514,635,10,2,0,0,0,0,0,5,4,0,0,0,0,0,3,202505140635,40.32286003926889,141.76178,,,,,,,,,,,,,,,,,
t_travospublic_measure_5m.24570156.202505140635,82,,2112104,1,20250514,635,8,8,0,0,0,0,0,12,11,0,0,0,0,0,3,202505140635,40.73388903954269,141.208056,,,,,,,,,,,,,,,,,
t_travospublic_measure_5m.24570157.202505140635,82,,2120001,1,20250514,635,32,3,0,0,0,0,0,16,3,0,0,0,0,0,3,202505140635,40.74668802955084,140.5801106,,,,,,,,,,,,,,,,,
t_travospublic_measure_5m.24570158.202505140635,82,,2120005,1,20250514,635,26,3,0,0,0,0,0,14,0,0,0,0,0,0,3,202505140635,40.79194666957947,140.4899883,,,,,,,,,,,,,,,,,
t_travospublic_measure_5m.24570159.202505140635,82,,2120010,1,20250514,635,31,3,1,0,0,0,0,16,0,0,0,0,0,0,3,202505140635,40.8117305195919,140.47719960000003,,,,,,,,,,,,,,,,,
t_travospublic_measure_5m.24570160.202505140635,82,,2120015,1,20250514,635,9,0,0,0,0,0,0,18,0,0,0,0,0,0,3,202505140635,40.82729603960163,140.4413,,,,,,,,,,,,,,,,,
t_travospublic_measure_5m.24570161.202505140635,82,,2120020,1,20250514,635,0,0,0,0,0,0,0,9,0,0,0,0,0,0,3,202505140635,40.78380703957434,140.261545,,,,,,,,,,,,,,,,,
t_travospublic_measure_5m.24570162.202505140635,82,,2310200,1,20250514,635,51,7,0,0,0,0,0,64,8,0,0,0,0,0,3,202505140635,39.70615403881462,140.09793,,,,,,,,,,,,,,,,,
t_travospublic_measure_5m.24570163.202505140635,82,,2312101,1,20250514,635,14,4,0,0,0,0,0,26,12,0,0,0,0,0,3,202505140635,40.70861503952653,141.245289,,,,,,,,,,,,,,,,,
t_travospublic_measure_5m.24570164.202505140635,82,,2312102,1,20250514,635,14,6,0,0,0,0,0,25,8,0,0,0,0,0,3,202505140635,40.725333039537226,141.2281271,,,,,,,,,,,,,,,,,
t_travospublic_measure_5m.24570165.202505140635,82,,2312103,1,20250514,635,19,6,0,0,0,0,0,4,1,0,0,0,0,0,3,202505140635,37.77535545707135,140.7514008,,,,,,,,,,,,,,,,,
t_travospublic_measure_5m.24570166.202505140635,83,,3110010,1,20250514,635,117,18,6,0,0,0,0,47,9,5,0,0,0,0,3,202505140635,35.58550262456253,139.7049058,,,,,,,,,,,,,,,,,
t_travospublic_measure_5m.24570167.202505140635,83,,3110020,1,20250514,635,129,16,4,0,0,0,0,129,27,5,0,0,0,0,3,202505140635,35.37938903430058,139.509906,,,,,,,,,,,,,,,,,
t_travospublic_measure_5m.24570168.202505140635,83,,3110030,1,20250514,635,32,2,1,0,0,0,0,23,2,0,0,0,0,0,3,202505140635,35.30798103420886,139.30775,,,,,,,,,,,,,,,,,
t_travospublic_measure_5m.24570169.202505140635,83,,3110040,1,20250514,635,12,7,0,0,0,0,0,49,3,0,0,0,0,0,3,202505140635,35.24085503412222,139.123519,,,,,,,,,,,,,,,,,
t_travospublic_measure_5m.24570170.202505140635,83,,3110050,1,20250514,635,87,30,0,0,0,0,0,76,61,2,0,0,0,0,3,202505140635,36.238458295364495,139.8048878,,,,,,,,,,,,,,,,,
t_travospublic_measure_5m.24570171.202505140635,83,,3110060,1,20250514,635,161,30,0,0,0,0,0,168,47,0,0,0,0,0,3,202505140635,36.51217142568756,139.9177551,,,,,,,,,,,,,,,,,
t_travospublic_measure_5m.24570172.202505140635,83,,3110070,1,20250514,635,85,7,0,0,0,0,0,49,16,0,0,0,0,0,3,202505140635,36.833366956056416,139.9495983,,,,,,,,,,,,,,,,,
t_travospublic_measure_5m.24570173.202505140635,83,,3110080,1,20250514,635,20,0,0,0,0,0,0,24,3,0,0,0,0,0,3,202505140635,36.29676104543397,139.7863913,,,,,,,,,,,,,,,,,
t_travospublic_measure_5m.24570174.202505140635,83,,3110090,1,20250514,635,24,0,1,0,0,0,0,45,2,1,0,0,0,0,3,202505140635,36.52417383570154,139.8798609,,,,,,,,,,,,,,,,,
t_travospublic_measure_5m.24570175.202505140635,83,,3110100,1,20250514,635,18,2,2,0,0,0,0,54,3,1,0,0,0,0,3,202505140635,36.58529299577252,139.9295837,,,,,,,,,,,,,,,,,
t_travospublic_measure_5m.24570176.202505140635,83,,3110110,1,20250514,635,31,7,0,0,0,0,0,39,8,0,0,0,0,0,3,202505140635,36.019401995100274,140.15926790000003,,,,,,,,,,,,,,,,,
t_travospublic_measure_5m.24570177.202505140635,83,,3110120,1,20250514,635,55,13,0,0,0,0,0,2,0,0,0,0,0,0,3,202505140635,36.297327425434645,140.4228446,,,,,,,,,,,,,,,,,
t_travospublic_measure_5m.24570178.202505140635,83,,3110130,1,20250514,635,0,0,0,0,0,1,0,70,0,0,0,0,0,0,3,202505140635,36.582090335768804,140.6400901,,,,,,,,,,,,,,,,,
t_travospublic_measure_5m.24570179.202505140635,83,,3110140,1,20250514,635,93,29,4,0,0,0,0,48,4,5,0,0,0,0,3,202505140635,35.70274880470968,139.8786539,,,,,,,,,,,,,,,,,
t_travospublic_measure_5m.24570180.202505140635,83,,3110150,1,20250514,635,64,18,5,0,0,0,0,112,14,2,0,0,0,0,3,202505140635,35.61902656460475,140.0975838,,,,,,,,,,,,,,,,,
t_travospublic_measure_5m.24570181.202505140635,83,,3110160,1,20250514,635,92,17,11,0,0,0,0,39,18,4,0,0,0,0,3,202505140635,35.56474703453633,139.7273263,,,,,,,,,,,,,,,,,
t_travospublic_measure_5m.24570182.202505140635,83,,3110170,1,20250514,635,82,31,0,0,0,0,0,53,28,0,0,0,0,0,3,202505140635,35.52794003448978,139.70328,,,,,,,,,,,,,,,,,
t_travospublic_measure_5m.24570183.202505140635,83,,3110180,1,20250514,635,88,19,0,0,0,0,0,35,19,0,0,0,0,0,3,202505140635,35.47903203442772,139.638693,,,,,,,,,,,,,,,,,
t_travospublic_measure_5m.24570184.202505140635,83,,3110190,1,20250514,635,9,2,1,0,0,0,0,80,4,8,0,0,0,0,3,202505140635,35.26731403415642,139.685375,,,,,,,,,,,,,,,,,
t_travospublic_measure_5m.24570185.202505140635,83,,3110200,1,20250514,635,23,6,5,0,0,0,0,36,1,3,0,0,0,0,3,202505140635,35.36071103427663,139.629686,,,,,,,,,,,,,,,,,
t_travospublic_measure_5m.24570186.202505140635,83,,3110220,1,20250514,635,69,36,0,0,0,0,0,87,20,0,0,0,0,0,3,202505140635,35.58894027456686,139.3426681,,,,,,,,,,,,,,,,,
t_travospublic_measure_5m.24570187.202505140635,83,,3110230,1,20250514,635,38,3,5,0,0,0,0,19,7,5,0,0,0,0,3,202505140635,35.483485034433386,139.527129,,,,,,,,,,,,,,,,,
t_travospublic_measure_5m.24570188.202505140635,83,,3110240,1,20250514,635,59,19,0,0,0,0,0,52,23,0,0,0,0,0,3,202505140635,35.83073572486877,139.3800849,,,,,,,,,,,,,,,,,
t_travospublic_measure_5m.24570189.202505140635,83,,3110250,1,20250514,635,105,28,1,0,0,0,0,89,37,3,0,0,0,0,3,202505140635,35.707798574715994,140.1198261,,,,,,,,,,,,,,,,,
t_travospublic_measure_5m.24570190.202505140635,83,,3110260,1,20250514,635,78,27,5,0,0,0,0,92,34,2,0,0,0,0,3,202505140635,35.53057826449313,140.0927666,,,,,,,,,,,,,,,,,
t_travospublic_measure_5m.24570191.202505140635,83,,3110270,1,20250514,635,63,9,23,0,0,0,0,33,12,6,0,0,0,0,3,202505140635,35.79240130482129,139.6854329,,,,,,,,,,,,,,,,,
t_travospublic_measure_5m.24570192.202505140635,83,,3110280,1,20250514,635,184,64,0,0,0,0,0,105,35,0,0,0,0,0,3,202505140635,35.803056924834515,139.6481824,,,,,,,,,,,,,,,,,
t_travospublic_measure_5m.24570193.202505140635,83,,3110290,1,20250514,635,80,22,0,0,0,0,0,111,21,0,0,0,0,0,3,202505140635,36.07243401516468,139.4990623,,,,,,,,,,,,,,,,,
t_travospublic_measure_5m.24570194.202505140635,83,,3110300,1,20250514,635,20,1,0,0,0,0,0,13,2,0,0,0,0,0,3,202505140635,36.18854634530473,139.3083894,,,,,,,,,,,,,,,,,
t_travospublic_measure_5m.24570195.202505140635,83,,3110310,1,20250514,635,40,3,0,0,0,0,0,64,7,0,0,0,0,0,3,202505140635,36.28225430541672,139.0870374,,,,,,,,,,,,,,,,,
t_travospublic_measure_5m.24570196.202505140635,83,,3110320,1,20250514,635,56,3,0,0,0,0,0,52,3,1,0,0,0,0,3,202505140635,36.3553183655034,139.0125096,,,,,,,,,,,,,,,,,
t_travospublic_measure_5m.24570197.202505140635,83,,3110330,1,20250514,635,0,0,0,0,1,1,0,0,0,0,0,0,0,0,3,202505140635,36.76119426597452,138.8275203,,,,,,,,,,,,,,,,,
t_travospublic_measure_5m.24570198.202505140635,83,,3110350,1,20250514,635,35,5,0,0,0,0,0,16,5,0,0,0,0,0,3,202505140635,36.343173145489025,138.5572287,,,,,,,,,,,,,,,,,
t_travospublic_measure_5m.24570199.202505140635,83,,3110360,1,20250514,635,40,3,0,0,0,0,0,28,6,0,0,0,0,0,3,202505140635,36.37715425552919,138.2764444,,,,,,,,,,,,,,,,,
t_travospublic_measure_5m.24570200.202505140635,83,,3110370,1,20250514,635,38,9,0,0,0,0,0,36,4,0,0,0,0,0,3,202505140635,36.6491958258463,138.2215959,,,,,,,,,,,,,,,,,
t_travospublic_measure_5m.24570201.202505140635,83,,3110380,1,20250514,635,31,5,0,0,0,0,0,32,7,0,0,0,0,0,3,202505140635,36.20646628532621,137.9629773,,,,,,,,,,,,,,,,,
t_travospublic_measure_5m.24570202.202505140635,83,,3110390,1,20250514,635,4,2,0,0,0,0,0,8,5,0,0,0,0,0,3,202505140635,36.53866995571842,137.9675826,,,,,,,,,,,,,,,,,
t_travospublic_measure_5m.24570203.202505140635,83,,3110400,1,20250514,635,96,12,0,0,0,0,0,34,8,4,0,0,0,0,3,202505140635,35.669090024667575,139.59433440000004,,,,,,,,,,,,,,,,,
t_travospublic_measure_5m.24570204.202505140635,83,,3110410,1,20250514,635,21,3,2,0,0,0,0,16,10,3,0,0,0,0,3,202505140635,35.617552604602885,139.1855389,,,,,,,,,,,,,,,,,
t_travospublic_measure_5m.24570205.202505140635,83,,3110420,1,20250514,635,14,5,0,0,0,0,0,30,5,0,0,0,0,0,3,202505140635,35.611220394594916,138.9628673,,,,,,,,,,,,,,,,,
t_travospublic_measure_5m.24570206.202505140635,83,,3110430,1,20250514,635,8,14,0,0,0,0,0,7,8,0,0,0,0,0,3,202505140635,35.603966294585796,138.8040242,,,,,,,,,,,,,,,,,
t_travospublic_measure_5m.24570207.202505140635,83,,3110440,1,20250514,635,59,9,0,0,0,0,0,90,6,0,0,0,0,0,3,202505140635,35.66782617466599,138.5078037,,,,,,,,,,,,,,,,,
t_travospublic_measure_5m.24570208.202505140635,83,,3110450,1,20250514,635,10,2,0,0,0,0,0,10,3,0,0,0,0,0,3,202505140635,35.90777048496373,138.2345215,,,,,,,,,,,,,,,,,
t_travospublic_measure_5m.24570209.202505140635,83,,3110460,1,20250514,635,27,3,0,0,0,0,0,17,0,0,0,0,0,0,3,202505140635,36.07055654516242,138.0938691,,,,,,,,,,,,,,,,,
t_travospublic_measure_5m.24570210.202505140635,83,,3110470,1,20250514,635,45,11,0,0,0,0,0,28,2,0,0,0,0,0,3,202505140635,36.378318235530564,139.2290443,,,,,,,,,,,,,,,,,
t_travospublic_measure_5m.24570211.202505140635,83,,3110480,1,20250514,635,63,19,0,0,0,0,0,54,19,2,0,0,0,0,3,202505140635,36.314701575455274,139.4271684,,,,,,,,,,,,,,,,,
t_travospublic_measure_5m.24570212.202505140635,83,,3110490,1,20250514,635,14,4,0,0,0,0,0,34,6,0,0,0,0,0,3,202505140635,36.3924270955472,140.2677888,,,,,,,,,,,,,,,,,
t_travospublic_measure_5m.24570213.202505140635,83,,3110500,1,20250514,635,52,9,0,0,0,0,0,49,6,0,0,0,0,0,3,202505140635,36.34474163549088,140.47407480000004,,,,,,,,,,,,,,,,,
t_travospublic_measure_5m.24570214.202505140635,83,,3110510,1,20250514,635,39,7,0,0,0,0,0,35,12,1,0,0,0,0,3,202505140635,35.72363407473576,140.2680677,,,,,,,,,,,,,,,,,
t_travospublic_measure_5m.24570215.202505140635,83,,3110520,1,20250514,635,12,0,0,0,0,0,0,13,3,0,0,0,0,0,3,202505140635,35.95803238502537,140.6007609,,,,,,,,,,,,,,,,,
t_travospublic_measure_5m.24570216.202505140635,83,,3110550,1,20250514,635,6,0,0,0,0,0,0,16,1,0,0,0,0,0,3,202505140635,35.150913034005455,139.829981,,,,,,,,,,,,,,,,,
t_travospublic_measure_5m.24570217.202505140635,83,,3110560,1,20250514,635,7,2,0,0,0,0,0,29,2,0,0,0,0,0,3,202505140635,35.43543715437221,138.84019380000004,,,,,,,,,,,,,,,,,
t_travospublic_measure_5m.24570218.202505140635,83,,3110570,1,20250514,635,14,1,0,0,0,0,0,6,1,0,0,0,0,0,3,202505140635,35.39117538431567,138.86336800000004,,,,,,,,,,,,,,,,,
t_travospublic_measure_5m.24570219.202505140635,83,,3110580,1,20250514,635,14,2,0,0,0,0,0,8,3,0,0,0,0,0,3,202505140635,35.47790102442629,138.6703992,,,,,,,,,,,,,,,,,
t_travospublic_measure_5m.24570220.202505140635,83,,3110590,1,20250514,635,40,3,0,0,0,0,0,34,2,0,0,0,0,0,3,202505140635,35.51892892447836,138.83839670000003,,,,,,,,,,,,,,,,,
t_travospublic_measure_5m.24570221.202505140635,83,,3110600,1,20250514,635,121,21,10,0,0,0,0,51,13,8,0,0,0,0,3,202505140635,35.6500387346437,139.6833757,,,,,,,,,,,,,,,,,
t_travospublic_measure_5m.24570222.202505140635,83,,3110610,1,20250514,635,119,30,4,0,0,0,0,99,18,7,0,0,0,0,3,202505140635,35.536946034501184,139.510691,,,,,,,,,,,,,,,,,
t_travospublic_measure_5m.24570223.202505140635,83,,3110620,1,20250514,635,76,36,1,0,0,0,0,133,15,2,0,0,0,0,3,202505140635,35.472892034419914,139.412266,,,,,,,,,,,,,,,,,
t_travospublic_measure_5m.24570224.202505140635,83,,3110630,1,20250514,635,44,8,1,0,0,0,0,59,8,5,0,0,0,0,3,202505140635,35.4275870343622,139.351511,,,,,,,,,,,,,,,,,
t_travospublic_measure_5m.24570225.202505140635,83,,3110640,1,20250514,635,31,4,1,0,0,0,0,35,9,3,0,0,0,0,3,202505140635,35.37445003429424,139.203293,,,,,,,,,,,,,,,,,
t_travospublic_measure_5m.24570226.202505140635,83,,3110650,1,20250514,635,14,15,1,0,0,0,0,35,11,0,0,0,0,0,3,202505140635,35.36087503427685,139.014722,,,,,,,,,,,,,,,,,
t_travospublic_measure_5m.24570227.202505140635,83,,3110660,1,20250514,635,56,40,7,0,0,0,0,46,25,0,0,0,0,0,3,202505140635,35.68396699468621,139.992342,,,,,,,,,,,,,,,,,
t_travospublic_measure_5m.24570228.202505140635,83,,3110670,1,20250514,635,29,11,2,0,0,0,0,48,21,1,0,0,0,0,3,202505140635,35.588442964566234,139.7548217,,,,,,,,,,,,,,,,,
t_travospublic_measure_5m.24570229.202505140635,83,,3110980,1,20250514,635,24,7,0,0,0,0,0,19,6,1,0,0,0,0,1,202505140635,36.24888937537695,138.4463891,,,,,,,,,,,,,,,,,
t_travospublic_measure_5m.24570230.202505140635,83,,3110990,1,20250514,635,12,6,0,0,0,0,0,0,0,0,0,0,0,0,1,202505140635,36.242588925369425,138.4374556,,,,,,,,,,,,,,,,,
t_travospublic_measure_5m.24570231.202505140635,83,,3111000,1,20250514,635,0,0,0,0,0,0,0,17,5,0,0,0,0,0,1,202505140635,36.22486392534824,138.4372861,,,,,,,,,,,,,,,,,
t_travospublic_measure_5m.24570232.202505140635,83,,3111010,1,20250514,635,16,3,0,0,0,0,0,15,2,0,0,0,0,0,1,202505140635,36.16839725528054,138.4688,,,,,,,,,,,,,,,,,
t_travospublic_measure_5m.24570233.202505140635,83,,3111030,1,20250514,635,7,2,0,0,0,0,0,0,0,0,0,0,0,0,1,202505140635,36.14629447525393,138.4676028,,,,,,,,,,,,,,,,,
t_travospublic_measure_5m.24570234.202505140635,83,,3111040,1,20250514,635,0,0,0,0,0,0,0,5,0,0,0,0,0,0,1,202505140635,36.13644447524206,138.4613806,,,,,,,,,,,,,,,,,
t_travospublic_measure_5m.24570235.202505140635,83,,3111050,1,20250514,635,17,5,0,0,0,0,0,10,4,0,0,0,0,0,1,202505140635,35.443037034381895,138.453937,,,,,,,,,,,,,,,,,
t_travospublic_measure_5m.24570236.202505140635,83,,3111060,1,20250514,635,20,3,0,0,0,0,0,7,2,0,0,0,0,0,1,202505140635,35.48100503443024,138.45894900000002,,,,,,,,,,,,,,,,,
t_travospublic_measure_5m.24570237.202505140635,83,,3111070,1,20250514,635,7,6,0,0,0,0,0,16,10,0,0,0,0,0,1,202505140635,35.35961103427522,138.456636,,,,,,,,,,,,,,,,,
t_travospublic_measure_5m.24570238.202505140635,83,,3111080,1,20250514,635,5,6,0,0,0,0,0,20,10,0,0,0,0,0,1,202505140635,35.337913034247364,138.45119000000003,,,,,,,,,,,,,,,,,
t_travospublic_measure_5m.24570239.202505140635,83,,3111090,1,20250514,635,9,8,0,0,0,0,0,10,9,0,0,0,0,0,1,202505140635,35.27778503416994,138.444487,,,,,,,,,,,,,,,,,
t_travospublic_measure_5m.24570240.202505140635,83,,3310680,1,20250514,635,109,14,9,0,0,0,0,42,12,3,0,0,0,0,3,202505140635,35.55346203452207,139.695301,,,,,,,,,,,,,,,,,
t_travospublic_measure_5m.24570241.202505140635,83,,3310690,1,20250514,635,86,16,8,0,0,0,0,30,6,1,0,0,0,0,3,202505140635,35.476498034424495,139.611304,,,,,,,,,,,,,,,,,
t_travospublic_measure_5m.24570242.202505140635,83,,3310710,1,20250514,635,108,25,3,0,0,0,0,34,16,0,0,0,0,0,3,202505140635,35.76969950479312,139.8035038,,,,,,,,,,,,,,,,,
t_travospublic_measure_5m.24570243.202505140635,83,,3310720,1,20250514,635,62,22,2,0,0,0,0,49,15,6,0,0,0,0,3,202505140635,35.78172684480805,139.8030451,,,,,,,,,,,,,,,,,
t_travospublic_measure_5m.24570244.202505140635,83,,3310730,1,20250514,635,111,21,13,0,0,0,0,27,8,3,0,0,0,0,3,202505140635,35.723854004736026,139.819876,,,,,,,,,,,,,,,,,
t_travospublic_measure_5m.24570245.202505140635,83,,3310740,1,20250514,635,89,26,7,0,0,0,0,0,0,0,0,1,1,0,3,202505140635,35.76173829478322,139.8620188,,,,,,,,,,,,,,,,,
t_travospublic_measure_5m.24570246.202505140635,83,,3310750,1,20250514,635,75,26,5,0,0,0,0,78,16,6,0,0,0,0,3,202505140635,35.768080334791094,139.8831359,,,,,,,,,,,,,,,,,
t_travospublic_measure_5m.24570247.202505140635,83,,3310760,1,20250514,635,15,3,0,0,0,0,0,29,1,0,0,0,0,0,3,202505140635,36.333593035477676,140.487226,,,,,,,,,,,,,,,,,
t_travospublic_measure_5m.24570248.202505140635,83,,3310770,1,20250514,635,101,24,7,0,0,0,0,18,10,1,0,0,0,0,3,202505140635,35.696867714702336,139.8301488,,,,,,,,,,,,,,,,,
t_travospublic_measure_5m.24570249.202505140635,83,,3310780,1,20250514,635,82,12,11,0,0,0,0,40,15,4,0,0,0,0,3,202505140635,35.550513454518345,139.7165117,,,,,,,,,,,,,,,,,
t_travospublic_measure_5m.24570250.202505140635,83,,3310790,1,20250514,635,41,5,0,0,0,0,0,69,2,0,0,0,0,0,3,202505140635,35.30616103420651,139.624807,,,,,,,,,,,,,,,,,
t_travospublic_measure_5m.24570251.202505140635,83,,3310800,1,20250514,635,236,145,0,0,0,0,0,279,93,0,0,0,0,0,3,202505140635,35.45761703440047,139.54761,,,,,,,,,,,,,,,,,
t_travospublic_measure_5m.24570252.202505140635,83,,3310810,1,20250514,635,87,33,5,0,0,0,0,53,39,4,0,0,0,0,3,202505140635,35.88142903493132,139.9657318,,,,,,,,,,,,,,,,,
t_travospublic_measure_5m.24570253.202505140635,83,,3310830,1,20250514,635,17,5,0,0,0,0,0,23,4,0,0,0,0,0,3,202505140635,36.65616783585431,139.0205401,,,,,,,,,,,,,,,,,
t_travospublic_measure_5m.24570254.202505140635,83,,3310840,1,20250514,635,107,11,3,0,0,0,0,41,9,4,0,0,0,0,3,202505140635,35.67115788467016,139.6194506,,,,,,,,,,,,,,,,,
t_travospublic_measure_5m.24570255.202505140635,83,,3310850,1,20250514,635,39,6,0,0,0,0,0,69,6,0,0,0,0,0,3,202505140635,35.644829464637155,138.6173022,,,,,,,,,,,,,,,,,
t_travospublic_measure_5m.24570256.202505140635,83,,3310860,1,20250514,635,10,2,0,0,0,0,0,4,3,0,0,0,0,0,3,202505140635,35.85597447489995,138.2880181,,,,,,,,,,,,,,,,,
t_travospublic_measure_5m.24570257.202505140635,83,,3310880,1,20250514,635,12,5,0,0,0,0,0,7,0,0,0,0,0,0,3,202505140635,35.58082577455663,138.474952,,,,,,,,,,,,,,,,,
t_travospublic_measure_5m.24570258.202505140635,83,,3310900,1,20250514,635,198,17,16,0,0,0,0,67,13,9,0,0,0,0,3,202505140635,35.60764403459042,139.613062,,,,,,,,,,,,,,,,,
t_travospublic_measure_5m.24570259.202505140635,83,,3310910,1,20250514,635,30,5,2,0,0,0,0,45,9,2,0,0,0,0,3,202505140635,35.34910803426173,139.141352,,,,,,,,,,,,,,,,,
t_travospublic_measure_5m.24570260.202505140635,83,,3310920,1,20250514,635,88,18,13,0,0,0,0,26,5,3,0,0,0,0,3,202505140635,35.74888073476721,139.6969986,,,,,,,,,,,,,,,,,
t_travospublic_measure_5m.24570261.202505140635,83,,3310930,1,20250514,635,94,20,2,0,0,0,0,52,9,5,0,0,0,0,3,202505140635,35.757753044778255,139.6835902,,,,,,,,,,,,,,,,,
t_travospublic_measure_5m.24570262.202505140635,83,,3310940,1,20250514,635,87,30,5,0,0,0,0,109,21,8,0,0,0,0,3,202505140635,35.653820154648436,140.0442401,,,,,,,,,,,,,,,,,
t_travospublic_measure_5m.24570263.202505140635,83,,3310950,1,20250514,635,56,42,2,0,0,0,0,89,48,9,0,0,0,0,3,202505140635,35.64815995464133,139.9005461,,,,,,,,,,,,,,,,,
t_travospublic_measure_5m.24570264.202505140635,83,,3310960,1,20250514,635,21,14,1,0,0,0,0,17,5,4,0,0,0,0,3,202505140635,35.646721404639536,139.8238456,,,,,,,,,,,,,,,,,
t_travospublic_measure_5m.24570265.202505140635,83,,3340970,1,20250514,635,0,0,0,0,1,1,0,0,0,0,0,1,1,0,6,202505140635,35.681956354683685,139.437086,,,,,,,,,,,,,,,,,
t_travospublic_measure_5m.24570266.202505140635,84,,4110010,1,20250514,635,144,33,0,0,0,0,0,238,17,0,0,0,0,0,3,202505140635,37.932215037230314,139.139722,,,,,,,,,,,,,,,,,
t_travospublic_measure_5m.24570267.202505140635,84,,4110020,1,20250514,635,37,1,0,0,0,0,0,33,1,0,0,0,0,0,3,202505140635,37.96100603725917,139.354741,,,,,,,,,,,,,,,,,
t_travospublic_measure_5m.24570268.202505140635,84,,4110030,1,20250514,635,0,0,0,0,0,1,0,0,0,0,0,0,1,0,3,202505140635,38.540634037818585,139.550276,,,,,,,,,,,,,,,,,
t_travospublic_measure_5m.24570269.202505140635,84,,4110040,1,20250514,635,301,24,0,0,0,0,0,234,25,0,0,0,0,0,3,202505140635,37.89993403719785,139.068639,139.0649569,37.8988954271968,,,,,,,,,,,,,,,
t_travospublic_measure_5m.24570270.202505140635,84,,4110060,1,20250514,635,25,9,1,0,0,0,0,28,5,1,0,0,0,0,3,202505140635,37.56415502685272,138.8938299,,,,,,,,,,,,,,,,,
t_travospublic_measure_5m.24570271.202505140635,84,,4110070,1,20250514,635,29,2,1,0,0,0,0,37,3,0,0,0,0,0,3,202505140635,37.44889503673119,138.76828100000003,,,,,,,,,,,,,,,,,
t_travospublic_measure_5m.24570272.202505140635,84,,4110090,1,20250514,635,5,5,0,0,0,0,0,5,0,0,0,0,0,0,3,202505140635,36.97923003622018,137.642048,,,,,,,,,,,,,,,,,
t_travospublic_measure_5m.24570273.202505140635,84,,4110110,1,20250514,635,58,4,0,0,0,0,0,68,14,0,0,0,0,0,3,202505140635,36.737147395947105,137.3387361,137.3387361,36.737147395947105,,,,,,,,,,,,,,,
t_travospublic_measure_5m.24570274.202505140635,84,,4110120,1,20250514,635,78,9,1,0,0,0,0,55,16,0,0,0,0,0,3,202505140635,36.74295939595373,137.1063924,,,,,,,,,,,,,,,,,
t_travospublic_measure_5m.24570275.202505140635,84,,4110130,1,20250514,635,98,7,0,0,0,0,0,50,7,2,0,0,0,0,3,202505140635,36.75988562597303,137.0465469,,,,,,,,,,,,,,,,,
t_travospublic_measure_5m.24570276.202505140635,84,,4110140,1,20250514,635,22,5,1,0,0,0,0,23,14,0,0,0,0,0,3,202505140635,36.6765250558777,136.8260425,,,,,,,,,,,,,,,,,
t_travospublic_measure_5m.24570277.202505140635,84,,4110150,1,20250514,635,112,19,0,0,0,0,0,150,19,0,0,0,0,0,3,202505140635,36.589046875776866,136.6271782,136.6276288,36.58868075577644,,,,,,,,,,,,,,,
t_travospublic_measure_5m.24570278.202505140635,84,,4110160,1,20250514,635,28,11,0,0,0,0,0,30,3,0,0,0,0,0,3,202505140635,36.33272803547666,136.42083400000004,,,,,,,,,,,,,,,,,
t_travospublic_measure_5m.24570279.202505140635,84,,4110170,1,20250514,635,9,11,0,0,0,0,0,10,9,0,0,0,0,0,3,202505140635,36.295882035432925,136.303694,,,,,,,,,,,,,,,,,
t_travospublic_measure_5m.24570280.202505140635,84,,4110180,1,20250514,635,17,1,0,0,0,0,0,8,3,0,0,0,0,0,3,202505140635,37.35568202663179,138.5718066,,,,,,,,,,,,,,,,,
t_travospublic_measure_5m.24570281.202505140635,84,,4110190,1,20250514,635,0,0,0,0,0,0,0,3,0,0,0,0,0,0,3,202505140635,36.785345316001994,138.8016209,,,,,,,,,,,,,,,,,
t_travospublic_measure_5m.24570282.202505140635,84,,4110200,1,20250514,635,10,4,0,0,0,0,0,18,1,2,0,0,0,0,3,202505140635,37.05929117630906,138.8725331,,,,,,,,,,,,,,,,,
t_travospublic_measure_5m.24570283.202505140635,84,,4110210,1,20250514,635,28,5,4,0,0,0,0,34,2,6,0,0,0,0,3,202505140635,37.379305636657065,138.8344324,,,,,,,,,,,,,,,,,
t_travospublic_measure_5m.24570284.202505140635,84,,4110220,1,20250514,635,8,0,0,0,0,0,0,9,4,0,0,0,0,0,3,202505140635,36.859512036085945,138.194944,,,,,,,,,,,,,,,,,
t_travospublic_measure_5m.24570285.202505140635,84,,4110230,1,20250514,635,18,2,1,0,0,0,0,16,2,0,0,0,0,0,3,202505140635,36.59277686578118,137.2042608,,,,,,,,,,,,,,,,,
t_travospublic_measure_5m.24570286.202505140635,84,,4110240,1,20250514,635,47,0,0,0,0,0,0,35,7,2,0,0,0,0,3,202505140635,36.68543044588792,137.2119749,,,,,,,,,,,,,,,,,
t_travospublic_measure_5m.24570287.202505140635,84,,4110250,1,20250514,635,7,1,0,0,0,0,0,16,1,0,0,0,0,0,3,202505140635,37.66099003695361,139.47592,,,,,,,,,,,,,,,,,
t_travospublic_measure_5m.24570288.202505140635,84,,4110260,1,20250514,635,7,4,0,0,0,0,0,8,2,0,0,0,0,0,3,202505140635,38.081379037378746,139.576978,,,,,,,,,,,,,,,,,
t_travospublic_measure_5m.24570289.202505140635,84,,4110270,1,20250514,635,10,2,0,0,0,0,0,13,2,0,0,0,0,0,3,202505140635,37.60222103689251,138.798415,,,,,,,,,,,,,,,,,
t_travospublic_measure_5m.24570290.202505140635,84,,4110280,1,20250514,635,18,1,0,0,0,0,0,13,0,0,0,0,0,0,3,202505140635,36.650611795847915,136.963672,,,,,,,,,,,,,,,,,
t_travospublic_measure_5m.24570291.202505140635,84,,4110290,1,20250514,635,56,5,0,0,0,0,0,24,5,0,0,0,0,0,3,202505140635,36.52124203569812,136.587868,,,,,,,,,,,,,,,,,
t_travospublic_measure_5m.24570292.202505140635,84,,4110300,1,20250514,635,94,11,0,0,1,0,0,48,4,0,0,0,0,0,3,202505140635,36.59043403577848,136.685666,136.68521,36.59039903577843,,,,,,,,,,,,,,,
t_travospublic_measure_5m.24570293.202505140635,84,,4110310,1,20250514,635,6,1,0,0,0,0,0,2,0,0,0,0,0,0,3,202505140635,37.0464990362949,137.047738,,,,,,,,,,,,,,,,,
t_travospublic_measure_5m.24570294.202505140635,84,,4110320,1,20250514,635,7,10,0,0,0,0,0,16,1,1,0,0,0,0,3,202505140635,36.8686864160963,136.96136,,,,,,,,,,,,,,,,,
t_travospublic_measure_5m.24570295.202505140635,84,,4110330,1,20250514,635,13,10,0,0,0,0,0,35,1,0,0,0,0,0,3,202505140635,36.83313510605615,136.9442582,,,,,,,,,,,,,,,,,
t_travospublic_measure_5m.24570296.202505140635,84,,4110340,1,20250514,635,19,18,0,0,0,0,0,26,27,0,0,0,0,0,3,202505140635,36.75969223597281,136.9658715,,,,,,,,,,,,,,,,,
t_travospublic_measure_5m.24570297.202505140635,84,,4110350,1,20250514,635,20,5,0,0,0,0,0,8,3,0,0,1,0,0,3,202505140635,37.240650036507716,136.905469,,,,,,,,,,,,,,,,,
t_travospublic_measure_5m.24570298.202505140635,84,,4110351,1,20250514,635,12,0,0,0,0,0,0,1,2,0,0,0,0,0,3,202505140635,37.31000403658269,136.9066,,,,,,,,,,,,,,,,,
t_travospublic_measure_5m.24570299.202505140635,84,,4110370,1,20250514,635,11,0,0,0,0,0,0,11,2,0,0,0,0,0,3,202505140635,37.83527203713243,139.227435,,,,,,,,,,,,,,,,,
t_travospublic_measure_5m.24570300.202505140635,84,,4110371,1,20250514,635,9,2,0,0,0,0,0,15,0,0,0,0,0,0,3,202505140635,37.829370037126424,139.20906,,,,,,,,,,,,,,,,,
t_travospublic_measure_5m.24570301.202505140635,84,,4110380,1,20250514,635,6,2,0,0,0,0,0,18,2,0,0,0,0,0,3,202505140635,37.73164303702653,139.333641,,,,,,,,,,,,,,,,,
t_travospublic_measure_5m.24570302.202505140635,84,,4110390,1,20250514,635,7,2,0,0,0,0,0,15,1,0,0,0,0,0,3,202505140635,37.699376036993314,139.38248,,,,,,,,,,,,,,,,,
t_travospublic_measure_5m.24570303.202505140635,84,,4110400,1,20250514,635,7,4,0,0,0,0,0,14,2,0,0,0,0,0,3,202505140635,37.012781036257515,137.026061,,,,,,,,,,,,,,,,,
t_travospublic_measure_5m.24570304.202505140635,84,,4110410,1,20250514,635,58,14,0,0,0,0,0,78,8,0,0,0,0,0,3,202505140635,36.38238103553535,136.486002,,,,,,,,,,,,,,,,,
t_travospublic_measure_5m.24570305.202505140635,84,,4110430,1,20250514,635,3,3,0,0,0,0,0,1,0,0,0,0,0,0,3,202505140635,37.01726703626248,136.967459,,,,,,,,,,,,,,,,,
t_travospublic_measure_5m.24570306.202505140635,84,,4110440,1,20250514,635,16,6,0,0,0,0,0,26,0,0,0,0,0,0,3,202505140635,36.80001257601863,136.9558319,,,,,,,,,,,,,,,,,
t_travospublic_measure_5m.24570307.202505140635,84,,4110450,1,20250514,635,9,5,0,0,0,0,0,15,1,0,0,0,0,0,3,202505140635,36.88168028611092,136.97572590000001,,,,,,,,,,,,,,,,,
t_travospublic_measure_5m.24570308.202505140635,84,,4110460,1,20250514,635,13,5,0,0,0,0,0,3,0,1,0,0,0,0,3,202505140635,36.93083435616611,137.0132339,,,,,,,,,,,,,,,,,
t_travospublic_measure_5m.24570309.202505140635,84,,4110470,1,20250514,635,37,7,1,0,0,0,0,34,7,0,0,0,0,0,3,202505140635,36.84399970606843,137.4189931,,,,,,,,,,,,,,,,,
t_travospublic_measure_5m.24570310.202505140635,84,,4110480,1,20250514,635,22,3,0,0,0,0,0,21,12,0,0,0,0,0,3,202505140635,37.7661015170619,139.0265521,,,,,,,,,,,,,,,,,
t_travospublic_measure_5m.24570311.202505140635,84,,4110490,1,20250514,635,16,0,0,0,0,0,0,17,9,0,0,0,0,0,3,202505140635,37.77256794706851,139.0261587,,,,,,,,,,,,,,,,,
t_travospublic_measure_5m.24570312.202505140635,84,,4110880,1,20250514,635,27,4,0,0,0,0,0,28,6,0,0,0,0,0,3,202505140635,37.159443036419226,138.223379,,,,,,,,,,,,,,,,,
t_travospublic_measure_5m.24570313.202505140635,84,,4160390,1,20250514,635,9,7,0,0,0,0,0,8,0,0,0,0,0,0,1,202505140635,38.268866037561445,139.522026,,,,,,,,,,,,,,,,,
t_travospublic_measure_5m.24570314.202505140635,84,,4310010,1,20250514,635,98,4,0,0,0,0,0,66,7,0,0,0,0,0,3,202505140635,37.90111003719903,139.07252,139.07275,37.90117003719909,,,,,,,,,,,,,,,
t_travospublic_measure_5m.24570315.202505140635,84,,4310012,1,20250514,635,15,2,0,0,0,0,0,17,0,0,0,0,0,0,3,202505140635,37.92162903721969,139.058415,139.059129,37.921847037219905,,,,,,,,,,,,,,,
t_travospublic_measure_5m.24570316.202505140635,84,,4310014,1,20250514,635,161,20,0,0,0,0,0,267,16,0,0,0,0,0,3,202505140635,37.91719603721522,139.11685,,,,,,,,,,,,,,,,,
t_travospublic_measure_5m.24570317.202505140635,84,,4310020,1,20250514,635,148,6,0,0,0,0,0,59,5,0,0,0,0,0,3,202505140635,37.96990561726807,139.2601579,,,,,,,,,,,,,,,,,
t_travospublic_measure_5m.24570318.202505140635,84,,4310030,1,20250514,635,135,5,0,0,0,0,0,40,8,0,0,0,0,0,3,202505140635,37.959626427257795,139.290365,,,,,,,,,,,,,,,,,
t_travospublic_measure_5m.24570319.202505140635,84,,4310040,1,20250514,635,24,1,0,0,0,0,0,18,5,0,0,0,0,0,3,202505140635,38.11781603741457,139.451469,,,,,,,,,,,,,,,,,
t_travospublic_measure_5m.24570320.202505140635,84,,4310060,1,20250514,635,47,6,0,0,0,0,0,43,3,0,0,0,0,0,3,202505140635,37.855369037152805,139.017016,,,,,,,,,,,,,,,,,
t_travospublic_measure_5m.24570321.202505140635,84,,4310070,1,20250514,635,28,2,0,0,0,0,0,31,8,0,0,0,0,0,3,202505140635,37.213535036478255,138.30873,,,,,,,,,,,,,,,,,
t_travospublic_measure_5m.24570322.202505140635,84,,4310080,1,20250514,635,47,8,0,0,0,0,0,16,3,0,0,0,0,0,3,202505140635,37.15957303641935,138.228132,,,,,,,,,,,,,,,,,
t_travospublic_measure_5m.24570323.202505140635,84,,4310090,1,20250514,635,18,4,0,0,0,0,0,20,1,0,0,0,0,0,3,202505140635,37.119068036374955,138.031711,,,,,,,,,,,,,,,,,
t_travospublic_measure_5m.24570324.202505140635,84,,4310100,1,20250514,635,9,0,0,0,0,0,0,23,3,0,0,0,0,0,3,202505140635,37.04548803629378,137.853387,,,,,,,,,,,,,,,,,
t_travospublic_measure_5m.24570325.202505140635,84,,4310110,1,20250514,635,7,2,0,0,0,0,0,12,1,0,0,0,0,0,3,202505140635,37.055192036304526,137.905522,,,,,,,,,,,,,,,,,
t_travospublic_measure_5m.24570326.202505140635,84,,4310120,1,20250514,635,16,2,0,0,0,0,0,17,3,0,0,0,0,0,3,202505140635,36.94553606618256,137.53465,,,,,,,,,,,,,,,,,
t_travospublic_measure_5m.24570327.202505140635,84,,4310130,1,20250514,635,55,6,1,0,0,0,0,29,7,0,0,0,0,0,3,202505140635,36.77997831599589,137.3953897,137.3949552,36.779578725995435,,,,,,,,,,,,,,,
t_travospublic_measure_5m.24570328.202505140635,84,,4310140,1,20250514,635,47,11,0,0,0,0,0,45,13,0,0,0,0,0,3,202505140635,36.73255594594187,137.216084,,,,,,,,,,,,,,,,,
t_travospublic_measure_5m.24570329.202505140635,84,,4310150,1,20250514,635,0,0,0,0,0,1,0,19,1,0,0,0,0,0,3,202505140635,36.718233845925496,136.9457549,,,,,,,,,,,,,,,,,
t_travospublic_measure_5m.24570330.202505140635,84,,4310160,1,20250514,635,4,4,0,0,0,0,0,8,5,0,0,0,0,0,3,202505140635,36.6900247158932,136.89856410000002,,,,,,,,,,,,,,,,,
t_travospublic_measure_5m.24570331.202505140635,84,,4310180,1,20250514,635,25,11,0,0,1,0,0,13,6,0,0,1,0,0,3,202505140635,36.67647342587764,136.7734337,,,,,,,,,,,,,,,,,
t_travospublic_measure_5m.24570332.202505140635,84,,4310190,1,20250514,635,24,14,0,0,1,0,0,37,12,0,0,1,0,0,3,202505140635,36.68614025588873,136.7302394,,,,,,,,,,,,,,,,,
t_travospublic_measure_5m.24570333.202505140635,84,,4310200,1,20250514,635,17,10,0,0,0,0,0,39,10,0,0,0,0,0,3,202505140635,36.68324936588542,136.7232978,,,,,,,,,,,,,,,,,
t_travospublic_measure_5m.24570334.202505140635,84,,4310210,1,20250514,635,126,20,0,0,0,0,0,98,11,0,0,0,0,0,3,202505140635,36.562841365746486,136.5982425,,,,,,,,,,,,,,,,,
t_travospublic_measure_5m.24570335.202505140635,84,,4310220,1,20250514,635,77,14,0,0,0,0,0,120,16,0,0,0,0,0,3,202505140635,36.50450003567862,136.550432,,,,,,,,,,,,,,,,,
t_travospublic_measure_5m.24570336.202505140635,84,,4310230,1,20250514,635,68,11,0,0,0,0,0,39,13,0,0,0,0,0,3,202505140635,36.42391556558427,136.483165,,,,,,,,,,,,,,,,,
t_travospublic_measure_5m.24570337.202505140635,84,,4310250,1,20250514,635,9,4,0,0,0,0,0,17,10,0,0,0,0,0,3,202505140635,36.2785439554123,136.2915319,,,,,,,,,,,,,,,,,
t_travospublic_measure_5m.24570338.202505140635,84,,4310270,1,20250514,635,0,1,0,0,0,0,0,6,0,0,0,0,0,0,3,202505140635,37.072231146323354,138.87240170000004,,,,,,,,,,,,,,,,,
t_travospublic_measure_5m.24570339.202505140635,84,,4310280,1,20250514,635,11,1,0,0,0,0,0,18,3,0,0,0,0,0,3,202505140635,36.93595003617183,138.219789,,,,,,,,,,,,,,,,,
t_travospublic_measure_5m.24570340.202505140635,84,,4310290,1,20250514,635,25,5,0,0,0,0,0,16,2,0,0,0,0,0,3,202505140635,37.03447903628158,138.233052,,,,,,,,,,,,,,,,,
t_travospublic_measure_5m.24570341.202505140635,84,,4310300,1,20250514,635,41,8,0,0,0,0,0,86,6,0,0,0,0,0,3,202505140635,37.135361036392844,138.266363,,,,,,,,,,,,,,,,,
t_travospublic_measure_5m.24570342.202505140635,84,,4310310,1,20250514,635,10,2,1,0,0,0,0,4,3,0,0,0,0,0,3,202505140635,36.469212195637375,137.2416294,,,,,,,,,,,,,,,,,
t_travospublic_measure_5m.24570343.202505140635,84,,4310320,1,20250514,635,5,3,0,0,0,0,0,2,1,0,0,0,0,0,3,202505140635,36.51196446568731,137.2282451,,,,,,,,,,,,,,,,,
t_travospublic_measure_5m.24570344.202505140635,84,,4310330,1,20250514,635,14,2,0,0,0,0,0,24,2,0,0,0,0,0,3,202505140635,36.636592975831775,137.209239,,,,,,,,,,,,,,,,,
t_travospublic_measure_5m.24570345.202505140635,84,,4310340,1,20250514,635,19,1,0,0,0,1,0,30,2,0,0,0,0,0,3,202505140635,36.665350975864875,137.2099739,,,,,,,,,,,,,,,,,
t_travospublic_measure_5m.24570346.202505140635,84,,4310350,1,20250514,635,42,8,0,0,0,0,0,60,8,0,0,0,0,0,3,202505140635,37.85868303715617,139.114645,,,,,,,,,,,,,,,,,
t_travospublic_measure_5m.24570347.202505140635,84,,4310360,1,20250514,635,22,3,3,0,0,0,0,14,2,1,0,0,0,0,3,202505140635,37.44596703672809,138.637808,,,,,,,,,,,,,,,,,
t_travospublic_measure_5m.24570348.202505140635,84,,4310370,1,20250514,635,26,3,0,0,0,0,0,22,6,0,0,0,0,0,3,202505140635,37.659782356952356,138.8757271,,,,,,,,,,,,,,,,,
t_travospublic_measure_5m.24570349.202505140635,84,,4310380,1,20250514,635,31,15,1,0,0,0,0,21,9,0,0,0,0,0,3,202505140635,37.75046003704586,138.90062,,,,,,,,,,,,,,,,,
t_travospublic_measure_5m.24570350.202505140635,84,,4310390,1,20250514,635,63,3,0,0,0,0,0,61,5,0,0,0,0,0,3,202505140635,37.8373130371345,138.931687,,,,,,,,,,,,,,,,,
t_travospublic_measure_5m.24570351.202505140635,84,,4310400,1,20250514,635,2,0,0,0,0,0,0,0,0,0,0,0,0,0,3,202505140635,36.554335475736636,137.0083094,,,,,,,,,,,,,,,,,
t_travospublic_measure_5m.24570352.202505140635,84,,4310410,1,20250514,635,13,4,0,0,0,0,0,9,0,0,0,0,0,0,3,202505140635,36.956120636194385,136.8892354,,,,,,,,,,,,,,,,,
t_travospublic_measure_5m.24570353.202505140635,84,,4310420,1,20250514,635,8,2,0,0,0,0,0,7,0,0,0,0,0,0,3,202505140635,36.81057320603062,136.7629731,,,,,,,,,,,,,,,,,
t_travospublic_measure_5m.24570354.202505140635,84,,4310430,1,20250514,635,79,24,0,0,0,0,0,51,17,0,0,0,0,0,3,202505140635,36.68889768589191,136.7214257,,,,,,,,,,,,,,,,,
t_travospublic_measure_5m.24570355.202505140635,84,,4310440,1,20250514,635,56,6,0,0,0,0,0,48,5,0,0,0,0,0,3,202505140635,36.62649371582013,136.7029238,,,,,,,,,,,,,,,,,
t_travospublic_measure_5m.24570356.202505140635,84,,4310441,1,20250514,635,97,4,0,0,0,0,0,51,3,0,0,0,0,0,3,202505140635,36.60182503579164,136.700048,,,,,,,,,,,,,,,,,
t_travospublic_measure_5m.24570357.202505140635,84,,4310450,1,20250514,635,117,5,0,0,0,0,0,46,1,7,0,0,0,0,3,202505140635,36.57428003575976,136.686305,136.6864014,36.57449126576,,,,,,,,,,,,,,,
t_travospublic_measure_5m.24570358.202505140635,84,,4310460,1,20250514,635,1,0,0,0,0,0,0,0,1,0,0,0,0,0,3,202505140635,36.9580881961966,137.048108,,,,,,,,,,,,,,,,,
t_travospublic_measure_5m.24570359.202505140635,84,,4310470,1,20250514,635,83,6,0,0,0,0,0,32,0,3,0,0,0,0,3,202505140635,36.77955370599541,137.0001501,,,,,,,,,,,,,,,,,
t_travospublic_measure_5m.24570360.202505140635,85,22,5110100,1,20250514,635,91,5,1,0,0,0,0,138,14,2,0,0,0,0,3,202505140635,35.15213957400704,138.9246216,,,,,,,,,,,,,,,,,
t_travospublic_measure_5m.24570361.202505140635,85,22,5110105,1,20250514,635,0,0,0,0,1,1,0,0,0,0,0,1,1,0,3,202505140635,35.14274842399481,138.8710284,,,,,,,,,,,,,,,,,
t_travospublic_measure_5m.24570362.202505140635,85,22,5110107,1,20250514,635,26,6,0,0,0,0,0,0,0,0,0,0,1,0,3,202505140635,35.16311303402133,139.002312,,,,,,,,,,,,,,,,,
t_travospublic_measure_5m.24570363.202505140635,85,22,5110109,1,20250514,635,31,2,3,0,0,0,0,19,5,0,0,0,0,0,3,202505140635,35.118767763963525,138.9293772,,,,,,,,,,,,,,,,,
t_travospublic_measure_5m.24570364.202505140635,85,22,5110111,1,20250514,635,64,7,1,0,0,0,0,100,11,2,0,0,0,0,3,202505140635,35.10924329395108,138.9124954,,,,,,,,,,,,,,,,,
t_travospublic_measure_5m.24570365.202505140635,85,22,5110115,1,20250514,635,88,13,0,0,0,0,0,80,18,0,0,0,0,0,3,202505140635,35.138890033989775,138.739584,,,,,,,,,,,,,,,,,
t_travospublic_measure_5m.24570366.202505140635,85,22,5110120,1,20250514,635,174,37,0,0,0,0,0,112,28,0,0,0,0,0,3,202505140635,35.06126803388831,138.536991,,,,,,,,,,,,,,,,,
t_travospublic_measure_5m.24570367.202505140635,85,22,5110125,1,20250514,635,45,4,0,0,0,0,0,53,5,0,0,0,0,0,3,202505140635,34.99945503380712,138.431978,,,,,,,,,,,,,,,,,
t_travospublic_measure_5m.24570368.202505140635,85,22,5110130,1,20250514,635,173,33,0,0,0,0,0,143,25,0,0,0,0,0,3,202505140635,35.00292603381168,138.37946,,,,,,,,,,,,,,,,,
t_travospublic_measure_5m.24570369.202505140635,85,22,5110135,1,20250514,635,106,24,0,0,0,0,0,160,27,0,0,0,0,0,3,202505140635,34.9427310337323,138.326229,,,,,,,,,,,,,,,,,
t_travospublic_measure_5m.24570370.202505140635,85,22,5110140,1,20250514,635,85,12,0,0,0,0,0,54,29,0,0,0,0,0,3,202505140635,34.87443903364182,138.231472,,,,,,,,,,,,,,,,,
t_travospublic_measure_5m.24570371.202505140635,85,22,5110145,1,20250514,635,42,10,0,0,0,0,0,80,7,0,0,0,0,0,3,202505140635,34.831770733585074,138.1182557,,,,,,,,,,,,,,,,,
t_travospublic_measure_5m.24570372.202505140635,85,22,5110148,1,20250514,635,229,33,0,0,0,0,0,168,38,0,0,0,0,0,3,202505140635,34.73805952345989,137.853806,,,,,,,,,,,,,,,,,
t_travospublic_measure_5m.24570373.202505140635,85,22,5110150,1,20250514,635,308,26,6,0,0,0,0,149,31,0,0,0,0,0,3,202505140635,34.731415953450984,137.7966642,,,,,,,,,,,,,,,,,
t_travospublic_measure_5m.24570374.202505140635,85,22,5110155,1,20250514,635,88,31,0,0,0,0,0,105,22,0,0,0,0,0,3,202505140635,34.67742179337847,137.6802735,,,,,,,,,,,,,,,,,
t_travospublic_measure_5m.24570375.202505140635,85,22,5110158,1,20250514,635,83,35,0,0,0,0,0,122,26,0,0,0,0,0,3,202505140635,34.67846877337988,137.608459,,,,,,,,,,,,,,,,,
t_travospublic_measure_5m.24570376.202505140635,85,22,5110160,1,20250514,635,53,16,0,0,0,0,0,71,20,0,0,0,0,0,3,202505140635,34.67701253337791,137.5025406,,,,,,,,,,,,,,,,,
t_travospublic_measure_5m.24570377.202505140635,85,23,5110170,1,20250514,635,55,12,0,0,0,0,0,88,19,0,0,0,0,0,3,202505140635,34.7982592835404,137.36621260000004,,,,,,,,,,,,,,,,,
t_travospublic_measure_5m.24570378.202505140635,85,23,5110175,1,20250514,635,77,19,0,0,0,0,0,50,8,0,0,0,0,0,3,202505140635,34.92391956370741,137.2032416,,,,,,,,,,,,,,,,,
t_travospublic_measure_5m.24570379.202505140635,85,23,5110180,1,20250514,635,42,5,0,0,0,0,0,28,1,0,0,0,0,0,3,202505140635,35.12246228396835,136.7712316,,,,,,,,,,,,,,,,,
t_travospublic_measure_5m.24570380.202505140635,85,24,5110185,1,20250514,635,56,5,0,0,0,0,0,42,8,0,0,0,0,0,3,202505140635,35.02683417384312,136.6459825,,,,,,,,,,,,,,,,,
t_travospublic_measure_5m.24570381.202505140635,85,24,5110190,1,20250514,635,60,19,0,0,0,0,0,57,10,0,0,0,0,0,3,202505140635,34.914394373694805,136.5686551,,,,,,,,,,,,,,,,,
t_travospublic_measure_5m.24570382.202505140635,85,23,5110250,1,20250514,635,64,15,0,0,0,0,0,70,14,0,0,0,0,0,3,202505140635,35.23002111410819,136.9279236,,,,,,,,,,,,,,,,,
t_travospublic_measure_5m.24570383.202505140635,85,23,5110255,1,20250514,635,60,11,0,0,0,0,0,59,17,0,0,0,0,0,3,202505140635,35.22358825409986,136.8807274,,,,,,,,,,,,,,,,,
t_travospublic_measure_5m.24570384.202505140635,85,22,5111410,1,20250514,635,15,3,0,0,0,0,0,14,4,0,0,0,0,0,3,202505140635,34.9385786437268,138.9422778,,,,,,,,,,,,,,,,,
t_travospublic_measure_5m.24570385.202505140635,85,22,5111440,1,20250514,635,46,5,0,0,0,0,0,68,7,0,0,0,0,0,3,202505140635,35.09294534392978,138.9461249,,,,,,,,,,,,,,,,,
t_travospublic_measure_5m.24570386.202505140635,85,22,5111460,1,20250514,635,3,0,0,0,0,0,0,6,0,0,0,0,0,0,3,202505140635,34.773393033507176,138.94734200000002,,,,,,,,,,,,,,,,,
t_travospublic_measure_5m.24570387.202505140635,85,23,5111910,1,20250514,635,66,33,0,0,0,0,0,108,30,0,0,0,0,0,3,202505140635,35.251491704135965,136.9747388,,,,,,,,,,,,,,,,,
t_travospublic_measure_5m.24570388.202505140635,85,21,5111920,1,20250514,635,113,12,0,0,0,0,0,71,20,0,0,0,0,0,3,202505140635,35.33014667423738,137.0762497,,,,,,,,,,,,,,,,,
t_travospublic_measure_5m.24570389.202505140635,85,21,5111930,1,20250514,635,53,6,0,0,0,0,0,66,16,0,0,0,0,0,3,202505140635,35.36635604428386,137.2135359,,,,,,,,,,,,,,,,,
t_travospublic_measure_5m.24570390.202505140635,85,21,5111940,1,20250514,635,75,7,0,0,0,0,0,39,6,0,0,0,0,0,3,202505140635,35.477490394425764,137.4827895,,,,,,,,,,,,,,,,,
t_travospublic_measure_5m.24570391.202505140635,85,21,5111950,1,20250514,635,29,3,0,0,0,0,0,13,4,0,0,0,0,0,3,202505140635,35.54294722450878,137.5415325,,,,,,,,,,,,,,,,,
t_travospublic_measure_5m.24570392.202505140635,85,20,5111960,1,20250514,635,9,2,0,0,0,0,0,9,1,0,0,0,0,0,3,202505140635,35.79372550482294,137.6867026,,,,,,,,,,,,,,,,,
t_travospublic_measure_5m.24570393.202505140635,85,20,5111970,1,20250514,635,22,5,0,0,0,0,0,14,5,0,0,0,0,0,3,202505140635,35.86568255491192,137.7375698,,,,,,,,,,,,,,,,,
t_travospublic_measure_5m.24570394.202505140635,85,21,5112190,1,20250514,635,20,5,0,0,0,0,0,5,6,0,0,0,0,0,3,202505140635,35.35969120427531,136.4557958,,,,,,,,,,,,,,,,,
t_travospublic_measure_5m.24570395.202505140635,85,21,5112240,1,20250514,635,145,27,0,0,0,0,0,81,17,0,0,0,0,0,3,202505140635,35.38091091430252,136.7844039,,,,,,,,,,,,,,,,,
t_travospublic_measure_5m.24570396.202505140635,85,23,5112310,1,20250514,635,45,31,0,0,0,0,0,59,23,0,0,0,0,0,3,202505140635,34.84762104360617,137.1591783,,,,,,,,,,,,,,,,,
t_travospublic_measure_5m.24570397.202505140635,85,23,5112320,1,20250514,635,228,46,0,0,0,0,0,218,33,0,0,0,0,0,3,202505140635,34.935405063722605,137.0426846,,,,,,,,,,,,,,,,,
t_travospublic_measure_5m.24570398.202505140635,85,23,5112325,1,20250514,635,186,34,0,0,0,0,0,218,59,0,0,0,0,0,3,202505140635,35.020771293835146,137.0130622,,,,,,,,,,,,,,,,,
t_travospublic_measure_5m.24570399.202505140635,85,23,5112330,1,20250514,635,229,65,0,0,0,0,0,226,62,0,0,0,0,0,3,202505140635,35.04312062386452,136.9841158,,,,,,,,,,,,,,,,,
t_travospublic_measure_5m.24570400.202505140635,85,23,5112340,1,20250514,635,99,44,0,0,0,0,0,66,36,0,0,0,0,0,3,202505140635,35.06974911389942,136.7566216,,,,,,,,,,,,,,,,,
t_travospublic_measure_5m.24570401.202505140635,85,24,5112350,1,20250514,635,89,31,0,0,0,0,0,110,35,0,0,0,0,0,3,202505140635,35.00912200381983,136.6732612,,,,,,,,,,,,,,,,,
t_travospublic_measure_5m.24570402.202505140635,85,24,5112355,1,20250514,635,86,7,0,0,0,0,0,94,12,0,0,0,0,0,3,202505140635,34.75468373348215,136.5225828,,,,,,,,,,,,,,,,,
t_travospublic_measure_5m.24570403.202505140635,85,24,5112360,1,20250514,635,73,10,0,0,0,0,0,38,9,0,0,0,0,0,3,202505140635,34.558484833217825,136.6473028,,,,,,,,,,,,,,,,,
t_travospublic_measure_5m.24570404.202505140635,85,24,5112370,1,20250514,635,53,9,0,0,0,0,0,35,7,0,0,0,0,0,3,202505140635,34.78302070352005,136.5006557,,,,,,,,,,,,,,,,,
t_travospublic_measure_5m.24570405.202505140635,85,24,5112375,1,20250514,635,64,14,0,0,0,0,0,56,14,0,0,0,0,0,3,202505140635,34.74150673346451,136.4838785,,,,,,,,,,,,,,,,,
t_travospublic_measure_5m.24570406.202505140635,85,24,5112550,1,20250514,635,57,43,0,0,0,0,0,48,56,0,0,0,0,0,3,202505140635,34.839452033595315,136.260335,,,,,,,,,,,,,,,,,
t_travospublic_measure_5m.24570407.202505140635,85,24,5112590,1,20250514,635,95,53,0,0,0,0,0,41,54,0,0,0,0,0,3,202505140635,34.703780033413906,136.071242,,,,,,,,,,,,,,,,,
t_travospublic_measure_5m.24570408.202505140635,85,22,5113885,1,20250514,635,47,8,0,0,0,0,0,29,6,0,0,0,0,0,3,202505140635,35.33142394423902,138.8977143,,,,,,,,,,,,,,,,,
t_travospublic_measure_5m.24570409.202505140635,85,22,5113890,1,20250514,635,47,2,0,0,0,0,0,18,2,0,0,0,0,0,3,202505140635,35.32388868422933,138.9049485,,,,,,,,,,,,,,,,,
t_travospublic_measure_5m.24570410.202505140635,85,22,5113910,1,20250514,635,99,15,0,0,0,0,0,96,24,0,0,0,0,0,3,202505140635,35.18190903404577,138.676858,,,,,,,,,,,,,,,,,
t_travospublic_measure_5m.24570411.202505140635,85,22,5113920,1,20250514,635,133,23,0,0,0,0,0,118,13,0,0,0,0,0,3,202505140635,35.209794034081966,138.64987,,,,,,,,,,,,,,,,,
t_travospublic_measure_5m.24570412.202505140635,85,22,5113990,1,20250514,635,4,3,0,0,0,0,0,6,3,0,0,0,0,0,3,202505140635,35.41511303434628,138.590083,,,,,,,,,,,,,,,,,
t_travospublic_measure_5m.24570413.202505140635,85,23,5114110,1,20250514,635,102,22,0,0,0,0,0,109,28,0,0,0,0,0,3,202505140635,35.268750034158266,136.907566,,,,,,,,,,,,,,,,,
t_travospublic_measure_5m.24570414.202505140635,85,23,5114120,1,20250514,635,136,31,0,0,0,0,0,77,33,0,0,0,0,0,3,202505140635,35.33167103423934,136.91981,,,,,,,,,,,,,,,,,
t_travospublic_measure_5m.24570415.202505140635,85,21,5114130,1,20250514,635,38,8,0,0,0,0,0,32,2,0,0,0,0,0,3,202505140635,35.48643303443713,137.055201,,,,,,,,,,,,,,,,,
t_travospublic_measure_5m.24570416.202505140635,85,21,5114140,1,20250514,635,8,5,0,0,0,0,0,10,1,0,0,0,0,0,3,202505140635,35.78858303481656,137.25606,,,,,,,,,,,,,,,,,
t_travospublic_measure_5m.24570417.202505140635,85,21,5114150,1,20250514,635,11,3,0,0,0,0,0,12,1,0,0,0,0,0,3,202505140635,35.86755403491424,137.213563,,,,,,,,,,,,,,,,,
t_travospublic_measure_5m.24570418.202505140635,85,21,5114160,1,20250514,635,10,0,0,0,0,0,0,16,1,0,0,0,0,0,3,202505140635,36.07096803516291,137.267306,,,,,,,,,,,,,,,,,
t_travospublic_measure_5m.24570419.202505140635,85,21,5114170,1,20250514,635,6,1,0,0,0,0,0,8,6,0,0,0,0,0,3,202505140635,36.26496203539611,137.138911,,,,,,,,,,,,,,,,,
t_travospublic_measure_5m.24570420.202505140635,85,21,5114180,1,20250514,635,8,0,0,0,0,0,0,2,1,0,0,0,0,0,3,202505140635,36.459520035626035,137.248946,,,,,,,,,,,,,,,,,
t_travospublic_measure_5m.24570421.202505140635,85,24,5114210,1,20250514,635,27,0,0,0,0,0,0,39,6,0,0,0,0,0,3,202505140635,34.51961103316506,136.541333,,,,,,,,,,,,,,,,,
t_travospublic_measure_5m.24570422.202505140635,85,24,5114230,1,20250514,635,11,2,0,0,0,0,0,15,1,0,0,0,0,0,3,202505140635,34.31527803288554,136.410056,,,,,,,,,,,,,,,,,
t_travospublic_measure_5m.24570423.202505140635,85,24,5114250,1,20250514,635,5,1,0,0,0,0,0,6,0,0,0,0,0,0,3,202505140635,34.09569403258125,136.196222,,,,,,,,,,,,,,,,,
t_travospublic_measure_5m.24570424.202505140635,85,24,5114270,1,20250514,635,12,0,0,0,0,0,0,10,1,0,0,0,0,0,3,202505140635,34.275333032830495,136.358917,,,,,,,,,,,,,,,,,
t_travospublic_measure_5m.24570425.202505140635,85,24,5114290,1,20250514,635,13,2,0,0,0,0,0,8,1,0,0,0,0,0,3,202505140635,33.86069403225124,136.076111,,,,,,,,,,,,,,,,,
t_travospublic_measure_5m.24570426.202505140635,85,22,5114610,1,20250514,635,141,8,3,0,0,0,0,79,16,0,0,0,0,0,3,202505140635,35.152874244008,138.8951207,,,,,,,,,,,,,,,,,
t_travospublic_measure_5m.24570427.202505140635,85,22,5114620,1,20250514,635,60,9,1,0,0,0,0,46,9,1,0,0,0,0,3,202505140635,35.13134103397993,138.875041,,,,,,,,,,,,,,,,,
t_travospublic_measure_5m.24570428.202505140635,85,22,5114630,1,20250514,635,103,10,0,0,0,0,0,58,14,0,0,0,0,0,3,202505140635,35.14589793399891,138.8871002,,,,,,,,,,,,,,,,,
t_travospublic_measure_5m.24570429.202505140635,85,22,5114680,1,20250514,635,15,17,0,0,0,0,0,40,11,0,0,0,0,0,3,202505140635,35.35910497427457,139.0109217,,,,,,,,,,,,,,,,,
t_travospublic_measure_5m.24570430.202505140635,85,22,5114740,1,20250514,635,2,0,0,0,0,0,0,1,1,0,0,0,0,0,3,202505140635,35.073007033903686,137.787657,,,,,,,,,,,,,,,,,
t_travospublic_measure_5m.24570431.202505140635,85,22,5114750,1,20250514,635,6,3,0,0,0,0,0,2,1,0,0,0,0,0,3,202505140635,34.90575222368336,137.6681803,,,,,,,,,,,,,,,,,
t_travospublic_measure_5m.24570432.202505140635,85,22,5115250,1,20250514,635,9,2,0,0,0,0,0,18,5,0,0,0,0,0,3,202505140635,35.137162033987515,138.520651,,,,,,,,,,,,,,,,,
t_travospublic_measure_5m.24570433.202505140635,85,23,5115320,1,20250514,635,55,8,0,0,0,0,0,122,12,0,0,0,0,0,3,202505140635,35.10723119394846,137.0409411,,,,,,,,,,,,,,,,,
t_travospublic_measure_5m.24570434.202505140635,85,23,5115340,1,20250514,635,16,2,0,0,0,0,0,13,1,0,0,0,0,0,3,202505140635,35.13153551398018,137.304967,,,,,,,,,,,,,,,,,
t_travospublic_measure_5m.24570435.202505140635,85,20,5115350,1,20250514,635,3,0,0,0,0,0,0,3,1,0,0,0,0,0,3,202505140635,35.25565403414135,137.573829,,,,,,,,,,,,,,,,,
t_travospublic_measure_5m.24570436.202505140635,85,20,5115360,1,20250514,635,2,1,0,0,0,0,0,3,0,0,0,0,0,0,3,202505140635,35.37231503429151,137.677606,,,,,,,,,,,,,,,,,
t_travospublic_measure_5m.24570437.202505140635,85,20,5115370,1,20250514,635,14,2,0,0,0,0,0,13,4,0,0,0,0,0,3,202505140635,35.50121594445591,137.794953,,,,,,,,,,,,,,,,,
t_travospublic_measure_5m.24570438.202505140635,85,20,5115380,1,20250514,635,16,2,0,0,0,0,0,19,3,0,0,0,0,0,3,202505140635,35.71541168472551,137.9379522,,,,,,,,,,,,,,,,,
t_travospublic_measure_5m.24570439.202505140635,85,23,5115530,1,20250514,635,79,6,0,0,0,0,0,50,15,0,0,0,0,0,3,202505140635,35.06429103389226,137.11723,,,,,,,,,,,,,,,,,
t_travospublic_measure_5m.24570440.202505140635,85,21,5115610,1,20250514,635,145,14,0,0,0,0,0,98,18,0,0,0,0,0,3,202505140635,35.39814591432458,136.7848921,,,,,,,,,,,,,,,,,
t_travospublic_measure_5m.24570441.202505140635,85,21,5115630,1,20250514,635,15,4,0,0,0,0,0,12,0,0,0,0,0,0,3,202505140635,35.73557476475065,136.9518113,,,,,,,,,,,,,,,,,
t_travospublic_measure_5m.24570442.202505140635,85,21,5115650,1,20250514,635,7,1,0,0,0,0,0,9,2,0,0,0,0,0,3,202505140635,35.88316975493347,136.85442030000002,,,,,,,,,,,,,,,,,
t_travospublic_measure_5m.24570443.202505140635,85,21,5115680,1,20250514,635,2,0,0,0,0,0,0,3,1,0,0,0,0,0,3,202505140635,35.99802490507423,136.9009352,,,,,,,,,,,,,,,,,
t_travospublic_measure_5m.24570444.202505140635,85,21,5115820,1,20250514,635,0,0,0,0,0,0,0,5,3,0,0,0,0,0,3,202505140635,36.18407203529936,137.542187,,,,,,,,,,,,,,,,,
t_travospublic_measure_5m.24570445.202505140635,85,22,5123510,1,20250514,635,45,2,0,0,0,0,0,15,1,0,0,0,0,0,3,202505140635,35.141546483993245,139.1103673,,,,,,,,,,,,,,,,,
t_travospublic_measure_5m.24570446.202505140635,85,20,5125390,1,20250514,635,17,0,0,0,0,0,0,23,7,0,0,0,0,0,3,202505140635,35.876706504925515,137.9806852,,,,,,,,,,,,,,,,,
t_travospublic_measure_5m.24570447.202505140635,85,23,5311910,1,20250514,635,92,11,0,0,0,0,0,55,8,0,0,0,0,0,3,202505140635,35.124239273970666,136.856963,,,,,,,,,,,,,,,,,
t_travospublic_measure_5m.24570448.202505140635,86,,6110010,1,20250514,635,21,12,0,0,0,0,0,27,9,0,0,0,0,0,3,202505140635,34.938138216795814,136.265283823013,,,,,,,,,,,,,,,,,
t_travospublic_measure_5m.24570449.202505140635,86,,6110020,1,20250514,635,38,7,0,0,0,0,0,38,7,0,0,0,0,0,3,202505140635,34.990936305895495,136.115165948867,,,,,,,,,,,,,,,,,
t_travospublic_measure_5m.24570450.202505140635,86,,6110030,1,20250514,635,60,8,6,0,0,0,0,58,6,7,0,0,0,0,3,202505140635,35.005385003512316,135.956851243972,,,,,,,,,,,,,,,,,
t_travospublic_measure_5m.24570451.202505140635,86,,6110040,1,20250514,635,40,5,0,0,0,0,0,24,3,0,0,0,0,0,3,202505140635,34.95699292997823,135.913501381874,,,,,,,,,,,,,,,,,
t_travospublic_measure_5m.24570452.202505140635,86,,6110050,1,20250514,635,81,14,0,0,0,0,0,69,6,0,0,0,0,0,3,202505140635,34.99087038445861,135.844525694847,,,,,,,,,,,,,,,,,
t_travospublic_measure_5m.24570453.202505140635,86,,6110060,1,20250514,635,146,26,0,0,0,0,0,143,51,0,0,0,0,0,3,202505140635,34.99142632024544,135.831109285354,,,,,,,,,,,,,,,,,
t_travospublic_measure_5m.24570454.202505140635,86,,6110070,1,20250514,635,141,27,0,0,0,0,0,108,15,0,0,0,0,0,3,202505140635,34.98630409707048,135.82777261734,,,,,,,,,,,,,,,,,
t_travospublic_measure_5m.24570455.202505140635,86,,6110080,1,20250514,635,124,30,0,0,0,0,0,105,43,0,0,0,0,0,3,202505140635,34.91099177877929,135.744452476501,,,,,,,,,,,,,,,,,
t_travospublic_measure_5m.24570456.202505140635,86,,6110090,1,20250514,635,120,38,0,0,0,0,0,144,31,0,0,0,0,0,3,202505140635,34.805311519271704,135.649480819702,,,,,,,,,,,,,,,,,
t_travospublic_measure_5m.24570457.202505140635,86,,6110100,1,20250514,635,49,18,0,0,0,0,0,47,6,0,0,0,0,0,3,202505140635,34.81945711253497,135.720393061637,,,,,,,,,,,,,,,,,
t_travospublic_measure_5m.24570458.202505140635,86,,6110110,1,20250514,635,75,8,0,0,0,0,0,75,10,0,0,0,0,0,3,202505140635,34.71960434074075,135.436824560165,,,,,,,,,,,,,,,,,
t_travospublic_measure_5m.24570459.202505140635,86,,6110120,1,20250514,635,108,7,0,0,0,0,0,36,15,0,0,0,0,0,3,202505140635,34.64078623273222,135.106242299079,,,,,,,,,,,,,,,,,
t_travospublic_measure_5m.24570460.202505140635,86,,6110130,1,20250514,635,198,41,0,0,0,0,0,173,49,0,0,0,0,0,3,202505140635,34.75756172115131,134.859353005886,,,,,,,,,,,,,,,,,
t_travospublic_measure_5m.24570461.202505140635,86,,6110150,1,20250514,635,147,32,0,0,0,0,0,125,29,0,0,0,0,0,3,202505140635,34.847425137493005,134.578367471694,,,,,,,,,,,,,,,,,
t_travospublic_measure_5m.24570462.202505140635,86,,6110160,1,20250514,635,71,27,0,0,0,0,0,73,29,0,0,0,0,0,3,202505140635,34.824513790274004,134.512607753276,,,,,,,,,,,,,,,,,
t_travospublic_measure_5m.24570463.202505140635,86,,6110170,1,20250514,635,23,18,0,0,0,0,0,17,5,0,0,0,0,0,3,202505140635,36.23649392464164,136.286623477935,,,,,,,,,,,,,,,,,
t_travospublic_measure_5m.24570464.202505140635,86,,6110180,1,20250514,635,8,11,0,0,0,0,0,9,3,0,0,0,0,0,3,202505140635,35.792989034822035,136.092793,,,,,,,,,,,,,,,,,
t_travospublic_measure_5m.24570465.202505140635,86,,6110190,1,20250514,635,5,5,0,0,0,0,0,3,3,0,0,0,0,0,3,202505140635,35.62256603460919,136.08205800000002,,,,,,,,,,,,,,,,,
t_travospublic_measure_5m.24570466.202505140635,86,,6110200,1,20250514,635,15,2,0,0,0,0,0,23,2,0,0,0,0,0,3,202505140635,35.319800029709974,136.279370784759,,,,,,,,,,,,,,,,,
t_travospublic_measure_5m.24570467.202505140635,86,,6110210,1,20250514,635,24,17,0,0,0,0,0,27,14,0,0,0,0,0,3,202505140635,35.25049070224537,136.262805461883,,,,,,,,,,,,,,,,,
t_travospublic_measure_5m.24570468.202505140635,86,,6110220,1,20250514,635,44,7,0,0,0,0,0,52,14,0,0,0,0,0,3,202505140635,35.135413702721344,136.168110072612,,,,,,,,,,,,,,,,,
t_travospublic_measure_5m.24570469.202505140635,86,,6110230,1,20250514,635,31,13,0,0,0,0,0,54,6,0,0,0,0,0,3,202505140635,35.05193480694747,136.028718352317,,,,,,,,,,,,,,,,,
t_travospublic_measure_5m.24570470.202505140635,86,,6110240,1,20250514,635,98,10,0,0,0,0,0,81,6,0,0,0,0,0,3,202505140635,34.97508726487281,135.666646957397,,,,,,,,,,,,,,,,,
t_travospublic_measure_5m.24570471.202505140635,86,,6110250,1,20250514,635,34,4,0,0,0,0,0,23,8,0,0,0,0,0,3,202505140635,35.290674394918256,135.122528672218,,,,,,,,,,,,,,,,,
t_travospublic_measure_5m.24570472.202505140635,86,,6110260,1,20250514,635,8,0,0,0,0,0,0,6,2,0,0,0,0,0,3,202505140635,35.33418386481987,134.859425425529,,,,,,,,,,,,,,,,,
t_travospublic_measure_5m.24570473.202505140635,86,,6110270,1,20250514,635,4,1,0,0,0,0,0,10,0,0,0,0,0,0,3,202505140635,35.37906081109355,134.782794713974,,,,,,,,,,,,,,,,,
t_travospublic_measure_5m.24570474.202505140635,86,,6110280,1,20250514,635,14,3,0,0,0,0,0,8,3,0,0,0,0,0,3,202505140635,35.39752934547739,134.617635011672,,,,,,,,,,,,,,,,,
t_travospublic_measure_5m.24570475.202505140635,86,,6110290,1,20250514,635,12,6,0,0,0,0,0,7,5,0,0,0,0,0,3,202505140635,35.3445505431606,136.408736407756,,,,,,,,,,,,,,,,,
t_travospublic_measure_5m.24570476.202505140635,86,,6110300,1,20250514,635,43,5,0,0,0,0,0,28,3,0,0,0,0,0,3,202505140635,34.929386538763445,135.767959356307,,,,,,,,,,,,,,,,,
t_travospublic_measure_5m.24570477.202505140635,86,,6110310,1,20250514,635,62,26,0,0,0,0,0,96,18,0,0,0,0,0,3,202505140635,34.692826863672394,135.811829566955,,,,,,,,,,,,,,,,,
t_travospublic_measure_5m.24570478.202505140635,86,,6110320,1,20250514,635,80,12,0,0,0,0,0,76,8,0,0,0,0,0,3,202505140635,34.49633103313339,135.742759,,,,,,,,,,,,,,,,,
t_travospublic_measure_5m.24570479.202505140635,86,,6110330,1,20250514,635,38,4,0,0,0,0,0,74,2,0,0,0,0,0,3,202505140635,34.255336527005475,135.221571922302,,,,,,,,,,,,,,,,,
t_travospublic_measure_5m.24570480.202505140635,86,,6110340,1,20250514,635,98,15,0,0,0,0,0,77,17,0,0,0,0,0,3,202505140635,34.59261679509626,135.476585626602,,,,,,,,,,,,,,,,,
t_travospublic_measure_5m.24570481.202505140635,86,,6110350,1,20250514,635,154,16,0,0,0,0,0,109,9,0,0,0,0,0,3,202505140635,34.492391818044126,135.423381328582,,,,,,,,,,,,,,,,,
t_travospublic_measure_5m.24570482.202505140635,86,,6110361,1,20250514,635,41,8,0,0,0,0,0,24,5,0,0,0,0,0,3,202505140635,34.27701629033371,135.164935521261,,,,,,,,,,,,,,,,,
t_travospublic_measure_5m.24570483.202505140635,86,,6110362,1,20250514,635,30,1,0,0,0,0,0,38,6,0,0,0,0,0,3,202505140635,34.265713194676096,135.165954437361,,,,,,,,,,,,,,,,,
t_travospublic_measure_5m.24570484.202505140635,86,,6110370,1,20250514,635,21,4,0,0,0,0,0,14,1,0,0,0,0,0,3,202505140635,35.61308303459727,135.971192,,,,,,,,,,,,,,,,,
t_travospublic_measure_5m.24570485.202505140635,86,,6110380,1,20250514,635,37,1,0,0,0,0,0,13,2,0,0,0,0,0,3,202505140635,35.486004106628485,135.463869273662,,,,,,,,,,,,,,,,,
t_travospublic_measure_5m.24570486.202505140635,86,,6110390,1,20250514,635,16,1,0,0,0,0,0,6,1,0,0,0,0,0,3,202505140635,35.30401991598347,135.272947382363,,,,,,,,,,,,,,,,,
t_travospublic_measure_5m.24570487.202505140635,86,,6110410,1,20250514,635,46,6,0,0,0,0,0,20,1,0,0,0,0,0,3,202505140635,34.99524305806187,134.558363556861,,,,,,,,,,,,,,,,,
t_travospublic_measure_5m.24570488.202505140635,86,,6110420,1,20250514,635,2,0,0,0,0,0,0,0,1,0,0,0,0,0,3,202505140635,35.281340854617625,134.54649746418,,,,,,,,,,,,,,,,,
t_travospublic_measure_5m.24570489.202505140635,86,,6110430,1,20250514,635,0,1,0,0,0,0,0,1,0,0,0,0,0,0,3,202505140635,33.577233165562106,135.427241160067,,,,,,,,,,,,,,,,,
t_travospublic_measure_5m.24570490.202505140635,86,,6110440,1,20250514,635,46,5,0,0,0,0,0,63,4,0,0,0,0,0,3,202505140635,34.143380032647656,135.20039,,,,,,,,,,,,,,,,,
t_travospublic_measure_5m.24570491.202505140635,86,,6110450,1,20250514,635,119,32,0,0,0,0,0,85,51,0,0,0,0,0,3,202505140635,34.71254919312948,135.425688028335,,,,,,,,,,,,,,,,,
t_travospublic_measure_5m.24570492.202505140635,86,,6110460,1,20250514,635,9,9,0,0,0,0,0,2,2,0,0,0,0,0,3,202505140635,35.431053158155514,136.016224622726,,,,,,,,,,,,,,,,,
t_travospublic_measure_5m.24570493.202505140635,86,,6110470,1,20250514,635,27,6,0,0,0,0,0,34,5,0,0,0,0,0,3,202505140635,35.21341864052877,135.925826132297,,,,,,,,,,,,,,,,,
t_travospublic_measure_5m.24570494.202505140635,86,,6110500,1,20250514,635,0,0,0,0,0,0,0,0,0,0,0,0,0,0,3,202505140635,35.10094221794055,135.892639160156,,,,,,,,,,,,,,,,,
t_travospublic_measure_5m.24570495.202505140635,86,,6110510,1,20250514,635,23,4,0,0,0,0,0,45,9,0,0,0,0,0,3,202505140635,35.080206671418715,135.881878137588,,,,,,,,,,,,,,,,,
t_travospublic_measure_5m.24570496.202505140635,86,,6110520,1,20250514,635,57,15,0,0,0,0,0,22,1,35,0,0,0,0,3,202505140635,35.00895503826151,135.838812589645,,,,,,,,,,,,,,,,,
t_travospublic_measure_5m.24570497.202505140635,86,,6110530,1,20250514,635,92,23,0,0,0,0,0,63,17,0,0,0,0,0,3,202505140635,34.8925928963683,135.684016942977,,,,,,,,,,,,,,,,,
t_travospublic_measure_5m.24570498.202505140635,86,,6110540,1,20250514,635,42,9,0,0,0,0,0,68,8,0,0,0,0,0,3,202505140635,34.686726631641484,134.982630014419,,,,,,,,,,,,,,,,,
t_travospublic_measure_5m.24570499.202505140635,86,,6110550,1,20250514,635,11,4,0,0,0,0,0,16,2,0,0,0,0,0,3,202505140635,35.04658141349765,134.987468719482,,,,,,,,,,,,,,,,,
t_travospublic_measure_5m.24570500.202505140635,86,,6110650,1,20250514,635,142,22,0,0,0,0,0,73,8,0,0,0,0,0,3,202505140635,34.53594852398045,135.777744054,,,,,,,,,,,,,,,,,
t_travospublic_measure_5m.24570501.202505140635,86,,6110670,1,20250514,635,44,11,0,0,0,0,0,71,19,0,0,0,0,0,3,202505140635,34.486465033119956,135.763168,,,,,,,,,,,,,,,,,
t_travospublic_measure_5m.24570502.202505140635,86,,6110700,1,20250514,635,43,11,0,0,0,0,0,27,14,0,0,0,0,0,3,202505140635,34.36883103295914,135.698397,,,,,,,,,,,,,,,,,
t_travospublic_measure_5m.24570503.202505140635,86,,6110710,1,20250514,635,43,6,0,0,0,0,0,25,15,0,0,0,0,0,3,202505140635,34.346251032928144,135.675464,,,,,,,,,,,,,,,,,
t_travospublic_measure_5m.24570504.202505140635,86,,6110720,1,20250514,635,40,4,0,0,0,0,0,22,11,0,0,0,0,0,3,202505140635,34.34307531292378,135.6723947,,,,,,,,,,,,,,,,,
t_travospublic_measure_5m.24570505.202505140635,86,,6110730,1,20250514,635,30,10,0,0,0,0,0,22,7,0,0,0,0,0,3,202505140635,34.3344353954711,135.643944740295,,,,,,,,,,,,,,,,,
t_travospublic_measure_5m.24570506.202505140635,86,,6110740,1,20250514,635,45,15,0,0,0,0,0,50,11,0,0,0,0,0,3,202505140635,34.32057809029414,135.595622062683,,,,,,,,,,,,,,,,,
t_travospublic_measure_5m.24570507.202505140635,86,,6110750,1,20250514,635,45,8,0,0,0,0,0,58,9,0,0,0,0,0,3,202505140635,34.30420703287028,135.508371,,,,,,,,,,,,,,,,,
t_travospublic_measure_5m.24570508.202505140635,86,,6110760,1,20250514,635,34,6,0,0,0,0,0,43,7,0,0,0,0,0,3,202505140635,34.300277802864876,135.49583333,,,,,,,,,,,,,,,,,
t_travospublic_measure_5m.24570509.202505140635,86,,6110765,1,20250514,635,36,6,0,0,0,0,0,46,22,0,0,0,0,0,3,202505140635,34.293299032855266,135.42037,,,,,,,,,,,,,,,,,
t_travospublic_measure_5m.24570510.202505140635,86,,6110780,1,20250514,635,34,3,0,0,0,0,0,32,16,0,0,0,0,0,3,202505140635,34.290835032851874,135.406025,,,,,,,,,,,,,,,,,
t_travospublic_measure_5m.24570511.202505140635,86,,6110790,1,20250514,635,15,6,0,0,0,0,0,17,4,0,0,0,0,0,3,202505140635,34.28766234793788,135.279854549589,,,,,,,,,,,,,,,,,
t_travospublic_measure_5m.24570512.202505140635,86,,6110810,1,20250514,635,0,0,0,0,0,0,0,7,0,0,0,0,0,0,3,202505140635,35.91898971813652,136.6293598948,,,,,,,,,,,,,,,,,
t_travospublic_measure_5m.24570513.202505140635,86,,6110820,1,20250514,635,0,0,0,0,0,0,0,4,0,0,0,0,0,0,3,202505140635,35.963561035032136,136.602468,,,,,,,,,,,,,,,,,
t_travospublic_measure_5m.24570514.202505140635,86,,6110840,1,20250514,635,3,0,0,0,0,0,0,6,3,0,0,0,0,0,3,202505140635,35.98949103506382,136.526729,,,,,,,,,,,,,,,,,
t_travospublic_measure_5m.24570515.202505140635,86,,6110860,1,20250514,635,34,1,0,0,0,0,0,10,3,0,0,0,0,0,3,202505140635,36.062580031168245,136.445198357105,,,,,,,,,,,,,,,,,
t_travospublic_measure_5m.24570516.202505140635,86,,6110870,1,20250514,635,45,0,0,0,0,0,0,16,4,0,0,0,0,0,3,202505140635,36.074224272699254,136.374473869296,,,,,,,,,,,,,,,,,
t_travospublic_measure_5m.24570517.202505140635,86,,6110880,1,20250514,635,23,3,0,0,0,0,0,18,4,0,0,0,0,0,3,202505140635,36.086521994378465,136.324462164098,,,,,,,,,,,,,,,,,
t_travospublic_measure_5m.24570518.202505140635,86,,6110980,1,20250514,635,10,2,0,0,0,0,0,9,1,0,0,0,0,0,3,202505140635,35.30511375498357,134.89226102828903,,,,,,,,,,,,,,,,,
t_travospublic_measure_5m.24570519.202505140635,86,,6111020,1,20250514,635,147,53,0,0,0,0,0,31,51,0,0,0,0,0,3,202505140635,34.61538892329484,135.8745,,,,,,,,,,,,,,,,,
t_travospublic_measure_5m.24570520.202505140635,86,,6111030,1,20250514,635,18,2,0,0,0,0,0,16,3,0,0,0,0,0,3,202505140635,33.670648031981166,135.947246,,,,,,,,,,,,,,,,,
t_travospublic_measure_5m.24570521.202505140635,86,,6111040,1,20250514,635,11,0,0,0,0,0,0,16,7,0,0,0,0,0,1,202505140635,33.74362082208521,135.40352793,,,,,,,,,,,,,,,,,
t_travospublic_measure_5m.24570522.202505140635,86,,6111050,1,20250514,635,13,0,0,0,0,0,0,26,4,0,0,0,0,0,1,202505140635,33.67806806199178,135.40361475,,,,,,,,,,,,,,,,,
t_travospublic_measure_5m.24570523.202505140635,86,,6111060,1,20250514,635,12,2,0,0,0,0,0,40,3,1,0,0,0,0,1,202505140635,33.63743103193369,135.410147,,,,,,,,,,,,,,,,,
t_travospublic_measure_5m.24570524.202505140635,86,,6111070,1,20250514,635,4,1,0,0,0,0,0,13,2,0,0,0,0,0,1,202505140635,33.56605113183135,135.49421066,,,,,,,,,,,,,,,,,
t_travospublic_measure_5m.24570525.202505140635,86,,6111080,1,20250514,635,2,0,0,0,0,0,0,14,0,0,0,0,0,0,1,202505140635,33.53123967178131,135.54653822,,,,,,,,,,,,,,,,,
t_travospublic_measure_5m.24570526.202505140635,86,,6111090,1,20250514,635,12,4,0,0,0,0,0,15,2,0,0,0,0,0,3,202505140635,33.620083251908845,135.91802864,,,,,,,,,,,,,,,,,
t_travospublic_measure_5m.24570527.202505140635,86,,6111094,1,20250514,635,15,1,0,0,0,0,0,13,0,0,0,0,0,0,3,202505140635,33.73308003207021,136.004619,,,,,,,,,,,,,,,,,
t_travospublic_measure_5m.24570528.202505140635,86,,6111100,1,20250514,635,33,3,0,0,0,0,0,28,8,0,0,0,0,0,3,202505140635,34.29138892285263,135.3613889,,,,,,,,,,,,,,,,,
t_travospublic_measure_5m.24570529.202505140635,87,,7110050,1,20250514,635,116,14,0,0,0,0,0,88,22,0,0,0,0,0,3,202505140635,34.48565560311886,133.3551943,,,,,,,,,,,,,,,,,
t_travospublic_measure_5m.24570530.202505140635,87,,7110060,1,20250514,635,117,16,0,0,0,0,0,78,18,0,0,0,0,0,3,202505140635,34.42263781303284,133.2070398,,,,,,,,,,,,,,,,,
t_travospublic_measure_5m.24570531.202505140635,87,,7110070,1,20250514,635,60,12,0,0,0,0,0,72,28,0,0,0,0,0,3,202505140635,34.407573573012236,133.1699288,,,,,,,,,,,,,,,,,
t_travospublic_measure_5m.24570532.202505140635,87,,7110080,1,20250514,635,31,12,0,0,0,0,0,34,14,0,0,0,0,0,3,202505140635,34.405688133009654,132.9629534,,,,,,,,,,,,,,,,,
t_travospublic_measure_5m.24570533.202505140635,87,,7110100,1,20250514,635,0,0,0,0,0,0,0,4,3,0,0,0,0,0,3,202505140635,35.525440034486614,134.401402,,,,,,,,,,,,,,,,,
t_travospublic_measure_5m.24570534.202505140635,87,,7110120,1,20250514,635,,,,0,0,0,1,,,,0,0,0,1,3,202505140635,35.52073503448066,133.602321,,,,,,,,,,,,,,,,,
t_travospublic_measure_5m.24570535.202505140635,87,,7110130,1,20250514,635,47,3,0,0,0,0,0,43,11,0,0,0,0,0,3,202505140635,35.41880503435098,133.370183,,,,,,,,,,,,,,,,,
t_travospublic_measure_5m.24570536.202505140635,87,,7110140,1,20250514,635,37,4,0,0,0,0,0,26,7,0,0,0,0,0,3,202505140635,35.42972217436492,133.16019770000003,,,,,,,,,,,,,,,,,
t_travospublic_measure_5m.24570537.202505140635,87,,7110150,1,20250514,635,72,9,0,0,0,0,0,31,8,0,0,0,0,0,3,202505140635,35.41501435434614,132.9291201,,,,,,,,,,,,,,,,,
t_travospublic_measure_5m.24570538.202505140635,87,,7110160,1,20250514,635,10,3,0,0,0,0,0,10,4,0,0,0,0,0,3,202505140635,35.220801104096246,132.5117898,,,,,,,,,,,,,,,,,
t_travospublic_measure_5m.24570539.202505140635,87,,7110170,1,20250514,635,8,0,0,0,0,0,0,4,1,0,0,0,0,0,3,202505140635,34.75449303348189,131.907185,,,,,,,,,,,,,,,,,
t_travospublic_measure_5m.24570540.202505140635,87,,7110220,1,20250514,635,,,,0,0,0,1,,,,0,0,0,1,3,202505140635,35.19265103405972,134.203535,,,,,,,,,,,,,,,,,
t_travospublic_measure_5m.24570541.202505140635,87,,7110230,1,20250514,635,15,2,0,0,0,0,0,13,1,0,0,0,0,0,3,202505140635,34.76131441349103,132.8171003,,,,,,,,,,,,,,,,,
t_travospublic_measure_5m.24570542.202505140635,87,,7110260,1,20250514,635,27,2,0,0,0,0,0,7,0,0,0,0,0,0,3,202505140635,33.97988891241918,132.1977222,,,,,,,,,,,,,,,,,
t_travospublic_measure_5m.24570543.202505140635,87,,7110270,1,20250514,635,4,1,0,0,0,0,0,4,0,0,0,0,0,0,3,202505140635,34.65950003335435,131.6773889,,,,,,,,,,,,,,,,,
t_travospublic_measure_5m.24570544.202505140635,87,,7110280,1,20250514,635,7,3,0,0,0,0,0,4,3,0,0,0,0,0,3,202505140635,34.419861143029046,131.4097778,,,,,,,,,,,,,,,,,
t_travospublic_measure_5m.24570545.202505140635,87,,7110290,1,20250514,635,10,0,0,0,0,0,0,17,0,0,0,0,0,0,3,202505140635,34.371805582963226,131.1861389,,,,,,,,,,,,,,,,,
t_travospublic_measure_5m.24570546.202505140635,87,,7110300,1,20250514,635,123,11,0,0,0,0,0,101,17,0,0,0,0,0,3,202505140635,34.38300703297858,132.459786,132.459786,34.38300703297858,,,,,,,,,,,,,,,
t_travospublic_measure_5m.24570547.202505140635,87,,7110310,1,20250514,635,45,5,0,0,0,1,0,19,7,0,0,0,0,0,3,202505140635,34.37385803296604,132.421237,,,,,,,,,,,,,,,,,
t_travospublic_measure_5m.24570548.202505140635,87,,7110320,1,20250514,635,17,1,0,0,0,0,0,12,0,0,0,0,0,0,3,202505140635,33.95763808238793,132.1366533,,,,,,,,,,,,,,,,,
t_travospublic_measure_5m.24570549.202505140635,87,,7116080,1,20250514,635,42,8,0,0,0,0,0,49,23,0,0,0,0,0,3,202505140635,34.39666703299729,133.151389,,,,,,,,,,,,,,,,,
t_travospublic_measure_5m.24570550.202505140635,87,,7160010,1,20250514,635,,,,0,0,0,1,,,,0,0,0,1,1,202505140635,34.5622222532229,133.1247222,,,,,,,,,,,,,,,,,
t_travospublic_measure_5m.24570551.202505140635,87,,7160020,1,20250514,635,4,3,0,0,0,0,0,6,6,0,0,0,0,0,1,202505140635,35.07931507391195,132.8976065,,,,,,,,,,,,,,,,,
t_travospublic_measure_5m.24570552.202505140635,87,,7310030,1,20250514,635,63,18,0,0,0,0,0,76,19,0,0,0,0,0,3,202505140635,34.49757349313508,133.4192187,,,,,,,,,,,,,,,,,
t_travospublic_measure_5m.24570553.202505140635,87,,7310040,1,20250514,635,112,20,0,0,0,0,0,85,27,0,0,0,0,0,3,202505140635,34.4518823230728,133.2408893,,,,,,,,,,,,,,,,,
t_travospublic_measure_5m.24570554.202505140635,87,,7310050,1,20250514,635,5,0,0,0,0,0,0,0,0,0,0,0,0,0,3,202505140635,35.52642103448786,134.014803,,,,,,,,,,,,,,,,,
t_travospublic_measure_5m.24570555.202505140635,87,,7310070,1,20250514,635,8,1,0,0,0,0,0,13,4,0,0,0,0,0,3,202505140635,35.51442503447265,134.020507,,,,,,,,,,,,,,,,,
t_travospublic_measure_5m.24570556.202505140635,87,,7310080,1,20250514,635,,,,0,0,0,1,,,,0,0,0,1,3,202505140635,35.50773503446417,133.951629,,,,,,,,,,,,,,,,,
t_travospublic_measure_5m.24570557.202505140635,87,,7310100,1,20250514,635,7,0,0,0,0,0,0,7,0,0,0,0,0,0,3,202505140635,35.508808034465545,133.493736,,,,,,,,,,,,,,,,,
t_travospublic_measure_5m.24570558.202505140635,87,,7310110,1,20250514,635,45,9,0,0,0,0,0,27,6,0,0,0,0,0,3,202505140635,35.39772612432404,132.8747235,,,,,,,,,,,,,,,,,
t_travospublic_measure_5m.24570559.202505140635,87,,7310120,1,20250514,635,11,0,0,0,0,0,0,11,4,0,0,0,0,0,3,202505140635,35.068629523897954,132.3222435,,,,,,,,,,,,,,,,,
t_travospublic_measure_5m.24570560.202505140635,87,,7310130,1,20250514,635,19,0,0,0,0,0,0,29,0,0,0,0,0,0,3,202505140635,35.419582034351976,134.259336,,,,,,,,,,,,,,,,,
t_travospublic_measure_5m.24570561.202505140635,87,,7310150,1,20250514,635,3,0,0,0,0,0,0,1,1,0,0,0,0,0,3,202505140635,34.9738037337733,132.7317309,,,,,,,,,,,,,,,,,
t_travospublic_measure_5m.24570562.202505140635,87,,7310160,1,20250514,635,2,0,0,0,0,0,0,5,0,0,0,0,0,0,3,202505140635,35.117460163961816,132.778337,,,,,,,,,,,,,,,,,
t_travospublic_measure_5m.24570563.202505140635,87,,7310180,1,20250514,635,6,0,0,0,0,0,0,3,0,0,0,0,0,0,3,202505140635,34.38963891298768,131.3651944,,,,,,,,,,,,,,,,,
t_travospublic_measure_5m.24570564.202505140635,87,,7310190,1,20250514,635,0,0,0,0,0,1,0,0,0,0,0,0,1,0,3,202505140635,35.48752003443851,134.19798,,,,,,,,,,,,,,,,,
t_travospublic_measure_5m.24570565.202505140635,87,,7310200,1,20250514,635,12,3,0,0,0,0,0,28,4,0,0,0,0,0,3,202505140635,35.56082603453137,134.284636,,,,,,,,,,,,,,,,,
t_travospublic_measure_5m.24570566.202505140635,87,,7310210,1,20250514,635,15,3,0,0,0,0,0,19,4,0,0,0,0,0,3,202505140635,35.50841503446504,133.518074,,,,,,,,,,,,,,,,,
t_travospublic_measure_5m.24570567.202505140635,87,,7310220,1,20250514,635,23,0,0,0,0,0,0,17,3,0,0,0,0,0,3,202505140635,35.527027804488625,134.13269444,,,,,,,,,,,,,,,,,
t_travospublic_measure_5m.24570568.202505140635,87,,7310230,1,20250514,635,,,,0,0,0,1,,,,0,0,0,1,3,202505140635,35.51102780446835,134.20186111,,,,,,,,,,,,,,,,,
t_travospublic_measure_5m.24570569.202505140635,87,,7310240,1,20250514,635,12,0,0,0,0,0,0,17,0,0,0,0,0,0,3,202505140635,35.397000034323106,134.20377777,,,,,,,,,,,,,,,,,
t_travospublic_measure_5m.24570570.202505140635,87,,7310250,1,20250514,635,2,4,0,0,0,0,0,4,2,0,0,0,0,0,3,202505140635,35.21870003409352,134.3247,,,,,,,,,,,,,,,,,
t_travospublic_measure_5m.24570571.202505140635,87,,7310260,1,20250514,635,5,1,0,0,0,0,0,10,0,0,0,0,0,0,3,202505140635,35.132156843980994,132.4019922,,,,,,,,,,,,,,,,,
t_travospublic_measure_5m.24570572.202505140635,87,,7310270,1,20250514,635,8,5,0,0,0,0,0,7,3,0,0,0,0,0,3,202505140635,35.08573619392036,132.3490609,,,,,,,,,,,,,,,,,
t_travospublic_measure_5m.24570573.202505140635,87,,7310280,1,20250514,635,9,5,0,0,0,0,0,7,4,0,0,0,0,0,3,202505140635,35.076671573908484,132.335387,,,,,,,,,,,,,,,,,
t_travospublic_measure_5m.24570574.202505140635,87,,7310290,1,20250514,635,14,1,0,0,0,0,0,19,3,0,0,0,0,0,3,202505140635,34.88220003365212,132.0657,,,,,,,,,,,,,,,,,
t_travospublic_measure_5m.24570575.202505140635,87,,7310300,1,20250514,635,11,0,0,0,0,0,0,12,1,0,0,0,0,0,3,202505140635,34.86980443363566,132.0662027,,,,,,,,,,,,,,,,,
t_travospublic_measure_5m.24570576.202505140635,87,,7310310,1,20250514,635,45,7,0,0,0,0,0,47,8,0,0,0,0,0,3,202505140635,34.34795203293048,132.689449,,,,,,,,,,,,,,,,,
t_travospublic_measure_5m.24570577.202505140635,87,,7310320,1,20250514,635,29,6,0,0,0,0,0,46,4,0,0,0,0,0,3,202505140635,34.3631870329514,132.733939,,,,,,,,,,,,,,,,,
t_travospublic_measure_5m.24570578.202505140635,87,,7310340,1,20250514,635,79,12,0,0,0,0,0,83,25,0,0,0,0,0,3,202505140635,34.46347803308863,133.26236,133.262329,34.46377003308901,,,,,,,,,,,,,,,
t_travospublic_measure_5m.24570579.202505140635,87,,7310350,1,20250514,635,11,1,0,0,0,0,0,4,0,0,0,0,0,0,3,202505140635,34.83580109359045,131.9999083,,,,,,,,,,,,,,,,,
t_travospublic_measure_5m.24570580.202505140635,87,,7310370,1,20250514,635,1,1,0,0,0,0,0,8,5,0,0,0,0,0,1,202505140635,35.200455524069866,132.8454097,,,,,,,,,,,,,,,,,
t_travospublic_measure_5m.24570581.202505140635,87,,7310410,1,20250514,635,14,2,0,0,0,0,0,17,5,0,0,0,0,0,3,202505140635,35.21593257408993,132.5144274,,,,,,,,,,,,,,,,,
t_travospublic_measure_5m.24570582.202505140635,87,,7310420,1,20250514,635,14,7,0,0,0,0,0,17,8,0,0,0,0,0,3,202505140635,35.275470134166945,132.6201357,,,,,,,,,,,,,,,,,
t_travospublic_measure_5m.24570583.202505140635,87,,7310460,1,20250514,635,1,3,0,0,0,0,0,3,5,0,0,0,0,0,3,202505140635,35.20082803407034,132.459905,,,,,,,,,,,,,,,,,
t_travospublic_measure_5m.24570584.202505140635,87,,7310470,1,20250514,635,3,0,0,0,0,0,0,1,4,0,0,0,0,0,3,202505140635,35.1986450340675,132.455753,,,,,,,,,,,,,,,,,
t_travospublic_measure_5m.24570585.202505140635,87,,7310510,1,20250514,635,24,6,0,0,0,0,0,24,10,0,0,0,0,0,3,202505140635,34.40069503300281,132.797334,,,,,,,,,,,,,,,,,
t_travospublic_measure_5m.24570586.202505140635,87,,7310520,1,20250514,635,29,3,0,0,0,0,0,60,9,0,0,0,0,0,3,202505140635,34.53976203319243,132.51558,,,,,,,,,,,,,,,,,
t_travospublic_measure_5m.24570587.202505140635,87,,7310530,1,20250514,635,100,7,0,0,0,0,0,71,10,0,0,0,0,0,3,202505140635,34.347256032929515,132.31778000000003,,,,,,,,,,,,,,,,,
t_travospublic_measure_5m.24570588.202505140635,87,,7310540,1,20250514,635,54,7,0,0,0,0,0,47,8,0,0,0,0,0,3,202505140635,34.310647032879174,132.631054,,,,,,,,,,,,,,,,,
t_travospublic_measure_5m.24570589.202505140635,87,,7310610,1,20250514,635,23,1,0,0,0,0,0,2,8,0,0,0,0,0,3,202505140635,35.49457003444746,134.1603,,,,,,,,,,,,,,,,,
t_travospublic_measure_5m.24570590.202505140635,87,,7310620,1,20250514,635,36,8,0,0,0,0,0,34,10,0,0,0,0,0,3,202505140635,35.50153003445631,134.0804,,,,,,,,,,,,,,,,,
t_travospublic_measure_5m.24570591.202505140635,87,,7310630,1,20250514,635,32,7,0,0,0,0,0,29,10,0,0,0,0,0,3,202505140635,35.49990003445423,134.0626,,,,,,,,,,,,,,,,,
t_travospublic_measure_5m.24570592.202505140635,87,,7310640,1,20250514,635,,,,,,,1,,,,,,,1,3,202505140635,35.50860003446527,134.0108,,,,,,,,,,,,,,,,,
t_travospublic_measure_5m.24570593.202505140635,87,,7360010,1,20250514,635,0,1,0,0,0,0,0,3,4,0,0,0,0,0,1,202505140635,35.032454033850506,134.387568,,,,,,,,,,,,,,,,,
t_travospublic_measure_5m.24570594.202505140635,87,,7360020,1,20250514,635,4,7,0,0,0,0,0,3,3,0,0,0,0,0,1,202505140635,35.07606803390771,134.346092,,,,,,,,,,,,,,,,,
t_travospublic_measure_5m.24570595.202505140635,87,,7360030,1,20250514,635,0,0,0,0,0,0,0,27,5,0,0,0,0,0,3,202505140635,35.238191034118756,134.286932,,,,,,,,,,,,,,,,,
t_travospublic_measure_5m.24570596.202505140635,87,,7360040,1,20250514,635,4,4,0,0,0,0,0,0,0,0,0,0,0,0,3,202505140635,35.284722034178905,134.227547,,,,,,,,,,,,,,,,,
t_travospublic_measure_5m.24570597.202505140635,87,,7360060,1,20250514,635,12,3,0,0,0,0,0,0,0,0,0,0,0,0,1,202505140635,35.35362703426754,134.194581,,,,,,,,,,,,,,,,,
t_travospublic_measure_5m.24570598.202505140635,87,,7360070,1,20250514,635,0,0,0,0,0,0,0,10,6,0,0,0,0,0,1,202505140635,35.37911003430021,134.204798,,,,,,,,,,,,,,,,,
t_travospublic_measure_5m.24570599.202505140635,87,,7360080,1,20250514,635,9,3,0,0,0,0,0,0,0,0,0,0,0,0,1,202505140635,35.39104203431548,134.20339,,,,,,,,,,,,,,,,,
t_travospublic_measure_5m.24570600.202505140635,87,,7360090,1,20250514,635,14,2,0,0,0,0,0,18,7,0,0,0,0,0,1,202505140635,35.40772703433684,134.206955,,,,,,,,,,,,,,,,,
t_travospublic_measure_5m.24570601.202505140635,87,,7360100,1,20250514,635,17,1,0,0,0,0,0,19,8,0,0,0,0,0,1,202505140635,35.45862225662396,134.193141666666,,,,,,,,,,,,,,,,,
t_travospublic_measure_5m.24570602.202505140635,87,,7360110,1,20250514,635,3,9,0,0,0,0,0,4,5,0,0,0,0,0,1,202505140635,35.113784033957025,134.331458,,,,,,,,,,,,,,,,,
t_travospublic_measure_5m.24570603.202505140635,87,,7360130,1,20250514,635,,,,0,0,0,1,,,,0,0,1,1,1,202505140635,34.69455889340151,133.033421,,,,,,,,,,,,,,,,,
t_travospublic_measure_5m.24570604.202505140635,87,,7360140,1,20250514,635,6,3,0,0,0,0,0,11,9,0,0,0,0,0,1,202505140635,34.687231643391655,133.0469408,,,,,,,,,,,,,,,,,
t_travospublic_measure_5m.24570605.202505140635,88,,8110010,1,20250514,635,10,10,0,0,0,0,0,9,4,0,0,0,0,0,3,202505140635,34.2207184500313,134.411544799804,,,,,,,,,,,,,,,,,
t_travospublic_measure_5m.24570606.202505140635,88,,8110020,1,20250514,635,47,3,0,0,0,0,0,62,16,0,0,0,0,0,3,202505140635,34.30277465209332,134.084776639938,,,,,,,,,,,,,,,,,
t_travospublic_measure_5m.24570607.202505140635,88,,8110030,1,20250514,635,91,9,0,0,0,0,0,102,7,0,0,0,0,0,3,202505140635,34.29671450737887,133.946895003318,,,,,,,,,,,,,,,,,
t_travospublic_measure_5m.24570608.202505140635,88,,8110040,1,20250514,635,29,6,0,0,0,0,0,27,6,0,0,0,0,0,3,202505140635,34.17417938671837,133.715951442718,,,,,,,,,,,,,,,,,
t_travospublic_measure_5m.24570609.202505140635,88,,8110050,1,20250514,635,44,6,0,0,0,0,0,26,3,0,0,0,0,0,3,202505140635,33.91236267641698,133.20324182510302,,,,,,,,,,,,,,,,,
t_travospublic_measure_5m.24570610.202505140635,88,,8110060,1,20250514,635,17,3,0,0,0,0,0,15,5,0,0,0,0,0,3,202505140635,33.82431235182997,132.984384298324,,,,,,,,,,,,,,,,,
t_travospublic_measure_5m.24570611.202505140635,88,,8110070,1,20250514,635,43,3,0,0,0,0,0,26,6,0,0,0,0,0,3,202505140635,34.28544169692582,134.00050163269,,,,,,,,,,,,,,,,,
t_travospublic_measure_5m.24570612.202505140635,88,,8110080,1,20250514,635,9,3,0,0,0,0,0,7,3,0,0,0,0,0,3,202505140635,34.10608825909625,133.799223303794,,,,,,,,,,,,,,,,,
t_travospublic_measure_5m.24570613.202505140635,88,,8110090,1,20250514,635,22,6,0,0,0,0,0,31,8,0,0,0,0,0,3,202505140635,34.028957826825085,133.828164339065,,,,,,,,,,,,,,,,,
t_travospublic_measure_5m.24570614.202505140635,88,,8110100,1,20250514,635,7,8,0,0,0,0,0,12,3,0,0,0,0,0,3,202505140635,33.950764901704936,133.764853477478,,,,,,,,,,,,,,,,,
t_travospublic_measure_5m.24570615.202505140635,88,,8110110,1,20250514,635,16,2,0,0,0,1,0,11,14,0,0,0,0,0,3,202505140635,33.58909346194513,133.626092746853,,,,,,,,,,,,,,,,,
t_travospublic_measure_5m.24570616.202505140635,88,,8110115,1,20250514,635,35,4,0,0,0,0,0,55,3,0,0,0,0,0,3,202505140635,33.548205918990114,133.451582193374,,,,,,,,,,,,,,,,,
t_travospublic_measure_5m.24570617.202505140635,88,,8110120,1,20250514,635,34,1,0,0,0,0,0,46,3,0,0,0,0,0,3,202505140635,33.543133969132924,133.402808904647,,,,,,,,,,,,,,,,,
t_travospublic_measure_5m.24570618.202505140635,88,,8110130,1,20250514,635,17,7,0,0,0,0,0,29,1,1,0,0,0,0,3,202505140635,33.7476978963593,132.791587114334,,,,,,,,,,,,,,,,,
t_travospublic_measure_5m.24570619.202505140635,88,,8110131,1,20250514,635,9,0,0,0,0,0,0,9,3,0,0,0,0,0,3,202505140635,33.793408870729856,134.592427611351,,,,,,,,,,,,,,,,,
t_travospublic_measure_5m.24570620.202505140635,88,,8110140,1,20250514,635,4,0,0,0,0,0,0,8,0,0,0,0,0,0,3,202505140635,33.63466659400443,134.369745254516,,,,,,,,,,,,,,,,,
t_travospublic_measure_5m.24570621.202505140635,88,,8110142,1,20250514,635,16,0,0,0,0,0,0,10,3,0,0,0,0,0,3,202505140635,33.74774819013548,134.53964678124,,,,,,,,,,,,,,,,,
t_travospublic_measure_5m.24570622.202505140635,88,,8110150,1,20250514,635,1,2,0,0,0,0,0,6,0,0,0,0,0,0,3,202505140635,33.54318503179848,134.2936,,,,,,,,,,,,,,,,,
t_travospublic_measure_5m.24570623.202505140635,88,,8110151,1,20250514,635,17,0,0,0,0,0,0,13,2,0,0,0,0,0,3,202505140635,33.42133103162269,134.025327,,,,,,,,,,,,,,,,,
t_travospublic_measure_5m.24570624.202505140635,88,,8110160,1,20250514,635,19,0,0,0,0,0,0,16,2,0,0,0,0,0,3,202505140635,33.53924497073882,133.738444460766,,,,,,,,,,,,,,,,,
t_travospublic_measure_5m.24570625.202505140635,88,,8110161,1,20250514,635,21,2,0,0,0,0,0,60,6,0,0,0,0,0,3,202505140635,33.520916544031145,133.780702650547,,,,,,,,,,,,,,,,,
t_travospublic_measure_5m.24570626.202505140635,88,,8110162,1,20250514,635,38,5,0,0,0,0,0,71,10,0,0,0,0,0,3,202505140635,33.550342371512876,133.740176352243,,,,,,,,,,,,,,,,,
t_travospublic_measure_5m.24570627.202505140635,88,,8110163,1,20250514,635,33,2,0,0,0,0,0,71,9,0,0,0,0,0,3,202505140635,33.55352220956595,133.721816021769,,,,,,,,,,,,,,,,,
t_travospublic_measure_5m.24570628.202505140635,88,,8110164,1,20250514,635,13,2,0,0,0,0,0,9,1,0,0,0,0,0,3,202505140635,33.57127484589016,133.574287891387,,,,,,,,,,,,,,,,,
t_travospublic_measure_5m.24570629.202505140635,88,,8110165,1,20250514,635,37,2,0,0,0,0,0,63,8,0,0,0,0,0,3,202505140635,33.56026408468244,133.633757829666,,,,,,,,,,,,,,,,,
t_travospublic_measure_5m.24570630.202505140635,88,,8110166,1,20250514,635,39,2,0,0,0,0,0,53,7,0,0,0,0,0,3,202505140635,33.540965031795295,133.601005,,,,,,,,,,,,,,,,,
t_travospublic_measure_5m.24570631.202505140635,88,,8110167,1,20250514,635,17,2,0,0,0,0,0,37,1,0,0,0,0,0,3,202505140635,33.5424317654246,133.583077945611,,,,,,,,,,,,,,,,,
t_travospublic_measure_5m.24570632.202505140635,88,,8110170,1,20250514,635,18,2,0,0,0,0,0,25,5,0,0,0,0,0,3,202505140635,33.485055031714765,133.373125,,,,,,,,,,,,,,,,,
t_travospublic_measure_5m.24570633.202505140635,88,,8110171,1,20250514,635,9,1,0,0,0,0,0,20,10,0,0,0,0,0,3,202505140635,33.40395558523113,133.288643360137,,,,,,,,,,,,,,,,,
t_travospublic_measure_5m.24570634.202505140635,88,,8110172,1,20250514,635,8,1,0,0,0,0,0,12,13,0,0,0,0,0,3,202505140635,33.39236677628474,133.278601169586,,,,,,,,,,,,,,,,,
t_travospublic_measure_5m.24570635.202505140635,88,,8110174,1,20250514,635,4,0,0,0,0,0,0,7,4,0,0,0,0,0,3,202505140635,33.18330330083646,133.144855499267,,,,,,,,,,,,,,,,,
t_travospublic_measure_5m.24570636.202505140635,88,,8110180,1,20250514,635,1,0,0,0,0,0,0,0,1,0,0,0,0,0,3,202505140635,33.35817590038214,133.253152370452,,,,,,,,,,,,,,,,,
t_travospublic_measure_5m.24570637.202505140635,88,,8110181,1,20250514,635,8,1,0,0,0,0,0,4,2,0,0,0,0,0,3,202505140635,32.974388919857596,132.933138888889,,,,,,,,,,,,,,,,,
t_travospublic_measure_5m.24570638.202505140635,88,,8110182,1,20250514,635,11,2,0,0,0,0,0,11,3,0,0,0,0,0,3,202505140635,32.96811114207051,132.872277777778,,,,,,,,,,,,,,,,,
t_travospublic_measure_5m.24570639.202505140635,88,,8110183,1,20250514,635,10,0,0,0,0,0,0,9,0,0,0,0,0,0,3,202505140635,32.95902780872377,132.776972222222,,,,,,,,,,,,,,,,,
t_travospublic_measure_5m.24570640.202505140635,88,,8110190,1,20250514,635,5,2,0,0,0,0,0,4,1,0,0,0,0,0,3,202505140635,32.96996536793415,132.68920719623503,,,,,,,,,,,,,,,,,
t_travospublic_measure_5m.24570641.202505140635,88,,8110191,1,20250514,635,11,2,0,0,0,0,0,10,0,0,0,0,0,0,3,202505140635,33.13903103121127,132.517477,,,,,,,,,,,,,,,,,
t_travospublic_measure_5m.24570642.202505140635,88,,8110192,1,20250514,635,21,5,0,0,0,0,0,19,0,0,0,0,0,0,3,202505140635,33.14590213224344,132.52205863595,,,,,,,,,,,,,,,,,
t_travospublic_measure_5m.24570643.202505140635,88,,8110200,1,20250514,635,1,2,0,0,0,0,0,7,2,0,0,0,0,0,3,202505140635,33.325562031483756,132.5285,,,,,,,,,,,,,,,,,
t_travospublic_measure_5m.24570644.202505140635,88,,8110210,1,20250514,635,45,1,2,0,0,0,0,33,2,0,0,0,0,0,3,202505140635,33.81637909326473,132.744826823472,,,,,,,,,,,,,,,,,
t_travospublic_measure_5m.24570645.202505140635,88,,8110230,1,20250514,635,58,4,0,0,0,0,0,27,1,0,0,0,0,0,3,202505140635,34.07022914227441,134.461130797863,,,,,,,,,,,,,,,,,
t_travospublic_measure_5m.24570646.202505140635,88,,8110231,1,20250514,635,38,0,0,0,0,0,0,44,3,0,0,0,0,0,3,202505140635,34.03847794648641,134.520513564348,,,,,,,,,,,,,,,,,
t_travospublic_measure_5m.24570647.202505140635,88,,8110232,1,20250514,635,36,0,0,0,0,0,0,64,5,0,0,0,0,0,3,202505140635,34.04120064204002,134.531005024909,,,,,,,,,,,,,,,,,
t_travospublic_measure_5m.24570648.202505140635,88,,8110240,1,20250514,635,11,3,0,0,0,0,0,27,5,0,0,0,0,0,3,202505140635,34.03149633348104,132.829599380493,,,,,,,,,,,,,,,,,
t_travospublic_measure_5m.24570649.202505140635,88,,8110250,1,20250514,635,18,1,0,0,0,0,0,39,3,0,0,0,0,0,3,202505140635,33.93004373774009,133.094837665557,,,,,,,,,,,,,,,,,
t_travospublic_measure_5m.24570650.202505140635,88,,8111021,1,20250514,635,23,0,0,0,0,0,0,10,1,0,0,0,0,0,3,202505140635,33.50191403173908,133.309236,,,,,,,,,,,,,,,,,
t_travospublic_measure_5m.24570651.202505140635,88,,8160020,1,20250514,635,8,2,0,0,0,0,0,13,3,0,0,0,0,0,1,202505140635,33.331092031491806,133.206098,,,,,,,,,,,,,,,,,
t_travospublic_measure_5m.24570652.202505140635,88,,8160030,1,20250514,635,9,2,0,0,0,0,0,20,3,0,0,0,0,0,1,202505140635,33.23544203135242,133.159939,,,,,,,,,,,,,,,,,
t_travospublic_measure_5m.24570653.202505140635,88,,8160040,1,20250514,635,16,11,0,0,0,0,0,29,3,0,0,0,0,0,1,202505140635,33.24742026280611,132.570131868124,,,,,,,,,,,,,,,,,
t_travospublic_measure_5m.24570654.202505140635,88,,8160050,1,20250514,635,13,6,0,0,0,0,0,18,6,0,0,0,0,0,1,202505140635,33.33622666521378,132.557060122489,,,,,,,,,,,,,,,,,
t_travospublic_measure_5m.24570655.202505140635,88,,8160060,1,20250514,635,17,4,0,0,0,0,0,21,6,0,0,0,0,0,1,202505140635,34.056139032526026,134.588624,,,,,,,,,,,,,,,,,
t_travospublic_measure_5m.24570656.202505140635,88,,8310010,1,20250514,635,58,17,0,0,0,0,0,59,8,0,0,0,0,0,3,202505140635,34.152121047215225,134.579402804374,,,,,,,,,,,,,,,,,
t_travospublic_measure_5m.24570657.202505140635,88,,8310020,1,20250514,635,22,6,0,0,0,0,0,21,4,0,0,0,0,0,3,202505140635,34.335875041773484,134.151295423507,,,,,,,,,,,,,,,,,
t_travospublic_measure_5m.24570658.202505140635,88,,8310030,1,20250514,635,39,5,0,0,0,0,0,23,3,0,0,0,0,0,3,202505140635,33.79997204409725,132.86443054676,,,,,,,,,,,,,,,,,
t_travospublic_measure_5m.24570659.202505140635,88,,8310040,1,20250514,635,47,7,0,0,0,0,0,37,14,0,0,0,0,0,3,202505140635,34.239532652899726,133.895906209945,,,,,,,,,,,,,,,,,
t_travospublic_measure_5m.24570660.202505140635,88,,8310050,1,20250514,635,3,5,0,0,0,0,0,0,2,0,0,0,0,0,3,202505140635,33.797668032162,133.760304,,,,,,,,,,,,,,,,,
t_travospublic_measure_5m.24570661.202505140635,88,,8310060,1,20250514,635,0,0,0,0,0,0,0,0,0,0,0,0,0,0,3,202505140635,33.54154672048833,133.042341470718,,,,,,,,,,,,,,,,,
t_travospublic_measure_5m.24570662.202505140635,88,,8310061,1,20250514,635,50,11,0,0,0,0,0,63,6,0,0,0,0,0,3,202505140635,33.80675451706518,132.745272070169,,,,,,,,,,,,,,,,,
t_travospublic_measure_5m.24570663.202505140635,88,,8310062,1,20250514,635,27,11,0,0,0,0,0,44,3,0,0,0,0,0,3,202505140635,33.814776032186245,132.720319,,,,,,,,,,,,,,,,,
t_travospublic_measure_5m.24570664.202505140635,88,,8310070,1,20250514,635,114,6,0,0,0,0,0,137,12,0,0,0,0,0,3,202505140635,34.0102656781917,134.566428959369,,,,,,,,,,,,,,,,,
t_travospublic_measure_5m.24570665.202505140635,88,,8310080,1,20250514,635,50,6,0,0,0,0,0,111,11,0,0,0,0,0,3,202505140635,33.9732071371816,134.633932113647,,,,,,,,,,,,,,,,,
t_travospublic_measure_5m.24570666.202505140635,88,,8310090,1,20250514,635,1,0,0,0,0,0,0,0,0,0,0,0,0,0,3,202505140635,33.16601659984814,133.133375644683,,,,,,,,,,,,,,,,,
t_travospublic_measure_5m.24570667.202505140635,88,,8310110,1,20250514,635,9,8,0,0,0,0,0,19,1,0,0,0,0,0,3,202505140635,33.4066250316014,132.509843,,,,,,,,,,,,,,,,,
t_travospublic_measure_5m.24570668.202505140635,88,,8310120,1,20250514,635,42,6,0,0,0,0,0,24,5,0,0,0,0,0,3,202505140635,33.504510031742804,132.56675,,,,,,,,,,,,,,,,,
t_travospublic_measure_5m.24570669.202505140635,88,,8310130,1,20250514,635,27,5,0,0,0,0,0,17,2,0,0,0,0,0,3,202505140635,33.53462955300938,132.597781419754,,,,,,,,,,,,,,,,,
t_travospublic_measure_5m.24570670.202505140635,88,,8310140,1,20250514,635,17,11,0,0,0,0,0,9,0,0,0,0,0,0,3,202505140635,33.6125750318981,132.68712,,,,,,,,,,,,,,,,,
t_travospublic_measure_5m.24570671.202505140635,88,,8310150,1,20250514,635,11,3,0,0,0,0,0,13,4,0,0,0,0,0,3,202505140635,34.0401782523243,134.018440246582,,,,,,,,,,,,,,,,,
t_travospublic_measure_5m.24570672.202505140635,88,,8310160,1,20250514,635,32,5,0,0,0,0,0,52,6,1,0,0,0,0,3,202505140635,33.89056122326423,132.757075130939,,,,,,,,,,,,,,,,,
t_travospublic_measure_5m.24570673.202505140635,89,,9110010,1,20250514,635,38,5,0,0,0,0,0,21,2,0,0,0,0,0,3,202505140635,33.86399103225591,130.750068,,,,,,,,,,,,,,,,,
t_travospublic_measure_5m.24570674.202505140635,89,,9110040,1,20250514,635,32,2,0,0,0,0,0,26,7,0,0,0,0,0,3,202505140635,32.565580030358504,130.688167,,,,,,,,,,,,,,,,,
t_travospublic_measure_5m.24570675.202505140635,89,,9110050,1,20250514,635,30,4,0,0,0,0,0,30,9,0,0,0,0,0,3,202505140635,32.50104503026118,130.627862,,,,,,,,,,,,,,,,,
t_travospublic_measure_5m.24570676.202505140635,89,,9110060,1,20250514,635,30,9,0,0,0,0,0,16,3,0,0,0,0,0,3,202505140635,31.848210029262603,130.249002,,,,,,,,,,,,,,,,,
t_travospublic_measure_5m.24570677.202505140635,89,,9110070,1,20250514,635,11,1,0,0,0,0,0,18,1,0,0,0,0,0,3,202505140635,31.65408502896101,130.444438,,,,,,,,,,,,,,,,,
t_travospublic_measure_5m.24570678.202505140635,89,,9110090,1,20250514,635,15,5,0,0,0,0,0,23,9,0,0,0,0,0,3,202505140635,33.56354563182774,131.1769035,,,,,,,,,,,,,,,,,
t_travospublic_measure_5m.24570679.202505140635,89,,9110110,1,20250514,635,146,13,0,0,0,0,0,156,13,1,0,0,0,0,3,202505140635,33.248593781371625,131.5788746,,,,,,,,,,,,,,,,,
t_travospublic_measure_5m.24570680.202505140635,89,,9110120,1,20250514,635,1,0,0,0,0,0,0,0,0,0,0,0,0,0,3,202505140635,32.83826903076675,131.716873,,,,,,,,,,,,,,,,,
t_travospublic_measure_5m.24570681.202505140635,89,,9110140,1,20250514,635,20,3,0,0,0,0,0,26,10,0,0,0,0,0,3,202505140635,32.26510002990319,131.560352,,,,,,,,,,,,,,,,,
t_travospublic_measure_5m.24570682.202505140635,89,,9110150,1,20250514,635,18,8,0,0,0,0,0,7,2,0,0,0,0,0,3,202505140635,31.853840029271314,131.136144,,,,,,,,,,,,,,,,,
t_travospublic_measure_5m.24570683.202505140635,89,,9110160,1,20250514,635,11,6,0,0,0,0,0,18,4,0,0,0,0,0,3,202505140635,31.710555029048958,130.774553,,,,,,,,,,,,,,,,,
t_travospublic_measure_5m.24570684.202505140635,89,,9110180,1,20250514,635,94,16,0,0,0,0,0,75,4,0,0,0,0,0,3,202505140635,31.647696028951053,130.604758,,,,,,,,,,,,,,,,,
t_travospublic_measure_5m.24570685.202505140635,89,,9110190,1,20250514,635,22,18,0,0,0,0,0,26,12,0,0,0,0,0,3,202505140635,33.3577350315305,130.488663,,,,,,,,,,,,,,,,,
t_travospublic_measure_5m.24570686.202505140635,89,,9110200,1,20250514,635,30,2,0,0,0,0,0,16,2,0,0,0,0,0,3,202505140635,33.19609887129489,130.0312792,,,,,,,,,,,,,,,,,
t_travospublic_measure_5m.24570687.202505140635,89,,9110210,1,20250514,635,,,,0,0,0,1,,,,0,0,0,1,3,202505140635,32.82226403074293,129.973018,,,,,,,,,,,,,,,,,
t_travospublic_measure_5m.24570688.202505140635,89,,9110230,1,20250514,635,9,4,0,0,0,0,0,3,3,0,0,0,0,0,3,202505140635,32.95195803093551,131.35466,,,,,,,,,,,,,,,,,
t_travospublic_measure_5m.24570689.202505140635,89,,9110240,1,20250514,635,22,15,0,0,0,0,0,51,14,0,0,0,0,0,3,202505140635,33.669370031979355,130.847832,,,,,,,,,,,,,,,,,
t_travospublic_measure_5m.24570690.202505140635,89,,9110280,1,20250514,635,29,1,0,0,0,0,0,32,6,0,0,0,0,0,3,202505140635,33.34785503151616,130.0187991,,,,,,,,,,,,,,,,,
t_travospublic_measure_5m.24570691.202505140635,89,,9110290,1,20250514,635,15,1,0,0,0,0,0,30,4,0,0,0,0,0,3,202505140635,32.97125925096407,130.445357,,,,,,,,,,,,,,,,,
t_travospublic_measure_5m.24570692.202505140635,89,,9110330,1,20250514,635,11,2,0,0,0,0,0,16,6,0,0,0,0,0,3,202505140635,31.397327868559113,130.7858165,,,,,,,,,,,,,,,,,
t_travospublic_measure_5m.24570693.202505140635,89,,9110340,1,20250514,635,26,2,0,0,0,0,0,27,3,0,0,0,0,0,3,202505140635,31.452851608646302,130.7281932,,,,,,,,,,,,,,,,,
t_travospublic_measure_5m.24570694.202505140635,89,,9210010,1,20250514,635,60,5,0,0,0,0,0,75,6,0,0,0,0,0,3,202505140635,33.592535911869355,130.4326835,,,,,,,,,,,,,,,,,
t_travospublic_measure_5m.24570695.202505140635,89,,9310003,1,20250514,635,25,11,0,0,0,0,0,45,9,0,0,0,0,0,3,202505140635,33.947867982374184,130.968647,,,,,,,,,,,,,,,,,
t_travospublic_measure_5m.24570696.202505140635,89,,9310005,1,20250514,635,157,17,0,0,0,0,0,197,24,0,0,0,0,0,3,202505140635,33.678664031992625,130.455156,,,,,,,,,,,,,,,,,
t_travospublic_measure_5m.24570697.202505140635,89,,9310010,1,20250514,635,94,19,0,0,0,0,0,69,23,0,0,0,0,0,3,202505140635,33.53840303179162,130.485852,,,,,,,,,,,,,,,,,
t_travospublic_measure_5m.24570698.202505140635,89,,9310015,1,20250514,635,68,27,0,0,0,0,0,87,39,0,0,0,0,0,3,202505140635,33.44660203165923,130.540337,,,,,,,,,,,,,,,,,
t_travospublic_measure_5m.24570699.202505140635,89,,9310017,1,20250514,635,25,3,0,0,0,0,0,15,5,0,0,0,0,0,3,202505140635,33.323489031480754,130.523608,,,,,,,,,,,,,,,,,
t_travospublic_measure_5m.24570700.202505140635,89,,9310020,1,20250514,635,2,9,0,0,0,0,0,11,12,0,0,0,0,0,3,202505140635,33.11458003117534,130.669176,,,,,,,,,,,,,,,,,
t_travospublic_measure_5m.24570701.202505140635,89,,9310035,1,20250514,635,9,0,0,0,0,0,0,6,2,0,0,0,0,0,3,202505140635,32.406040030117445,130.555735,,,,,,,,,,,,,,,,,
t_travospublic_measure_5m.24570702.202505140635,89,,9310045,1,20250514,635,20,0,0,0,0,0,0,21,7,0,0,0,0,0,3,202505140635,32.16215502974594,130.36789,,,,,,,,,,,,,,,,,
t_travospublic_measure_5m.24570703.202505140635,89,,9310050,1,20250514,635,0,0,0,0,1,1,1,15,0,0,0,1,0,1,3,202505140635,31.714213029054637,130.275752,,,,,,,,,,,,,,,,,
t_travospublic_measure_5m.24570704.202505140635,89,,9310060,1,20250514,635,,,,0,0,0,1,,,,0,0,0,1,3,202505140635,32.38562876008649,130.5414069,,,,,,,,,,,,,,,,,
t_travospublic_measure_5m.24570705.202505140635,89,,9310070,1,20250514,635,47,10,0,0,0,0,0,34,9,1,0,0,0,0,3,202505140635,31.702321029036145,130.297006,,,,,,,,,,,,,,,,,
t_travospublic_measure_5m.24570706.202505140635,89,,9310080,1,20250514,635,57,4,0,0,0,0,0,102,4,0,0,0,0,0,3,202505140635,33.80588903217365,130.960473,,,,,,,,,,,,,,,,,
t_travospublic_measure_5m.24570707.202505140635,89,,9310085,1,20250514,635,34,11,0,0,0,0,0,15,8,0,0,0,0,0,3,202505140635,33.54594303180245,131.283198,,,,,,,,,,,,,,,,,
t_travospublic_measure_5m.24570708.202505140635,89,,9310090,1,20250514,635,33,3,0,0,0,0,0,26,5,0,0,0,0,0,3,202505140635,33.38094503156419,131.540397,,,,,,,,,,,,,,,,,
t_travospublic_measure_5m.24570709.202505140635,89,,9310100,1,20250514,635,84,19,0,0,0,0,0,103,14,0,0,0,0,0,3,202505140635,33.15920703124086,131.651922,,,,,,,,,,,,,,,,,
t_travospublic_measure_5m.24570710.202505140635,89,,9310115,1,20250514,635,45,14,0,0,0,0,0,29,19,0,0,0,0,0,3,202505140635,31.726570029073855,131.023972,,,,,,,,,,,,,,,,,
t_travospublic_measure_5m.24570711.202505140635,89,,9310120,1,20250514,635,65,8,0,0,0,0,0,32,24,0,0,0,0,0,3,202505140635,31.705779029041526,130.613215,,,,,,,,,,,,,,,,,
t_travospublic_measure_5m.24570712.202505140635,89,,9310125,1,20250514,635,33,7,0,0,0,0,0,40,8,0,0,0,0,0,3,202505140635,33.21761616132637,130.1637701,,,,,,,,,,,,,,,,,
t_travospublic_measure_5m.24570713.202505140635,89,,9310127,1,20250514,635,44,6,0,0,0,0,0,28,12,0,0,0,0,0,3,202505140635,32.91326503087817,130.976239,,,,,,,,,,,,,,,,,
t_travospublic_measure_5m.24570714.202505140635,89,,9310130,1,20250514,635,71,6,0,0,0,0,0,52,3,0,0,0,0,0,3,202505140635,32.8754950308221,130.867355,,,,,,,,,,,,,,,,,
t_travospublic_measure_5m.24570715.202505140635,89,,9310140,1,20250514,635,136,19,0,0,0,0,0,58,13,0,0,0,0,0,3,202505140635,32.820198990739854,130.7572925,,,,,,,,,,,,,,,,,
t_travospublic_measure_5m.24570716.202505140635,89,,9310150,1,20250514,635,28,10,0,0,0,0,0,13,11,0,0,0,0,0,3,202505140635,32.6779330305273,130.55327,,,,,,,,,,,,,,,,,
t_travospublic_measure_5m.24570717.202505140635,89,,9310155,1,20250514,635,26,2,0,0,0,0,0,7,2,0,0,0,0,0,3,202505140635,32.76467203065704,130.370667,,,,,,,,,,,,,,,,,
t_travospublic_measure_5m.24570718.202505140635,89,,9310156,1,20250514,635,16,4,0,0,0,0,0,33,1,0,0,0,0,0,3,202505140635,32.78536503068792,130.199594,,,,,,,,,,,,,,,,,
t_travospublic_measure_5m.24570719.202505140635,89,,9310157,1,20250514,635,39,2,0,0,0,0,0,39,7,0,0,0,0,0,3,202505140635,33.06696517110531,131.6229634,,,,,,,,,,,,,,,,,
t_travospublic_measure_5m.24570720.202505140635,89,,9310159,1,20250514,635,7,3,0,0,0,0,0,5,3,0,0,0,0,0,3,202505140635,32.997429031002746,131.434075,,,,,,,,,,,,,,,,,
t_travospublic_measure_5m.24570721.202505140635,89,,9310174,1,20250514,635,80,13,0,0,0,0,0,46,14,0,0,0,0,0,3,202505140635,33.6275850319196,130.703907,,,,,,,,,,,,,,,,,
t_travospublic_measure_5m.24570722.202505140635,89,,9310180,1,20250514,635,92,5,0,0,0,0,0,78,8,0,0,0,0,0,3,202505140635,33.57279403184104,130.285973,,,,,,,,,,,,,,,,,
t_travospublic_measure_5m.24570723.202505140635,89,,9310181,1,20250514,635,11,0,0,0,0,0,0,12,3,0,0,0,0,0,3,202505140635,33.230906841345785,130.3350523,,,,,,,,,,,,,,,,,
t_travospublic_measure_5m.24570724.202505140635,89,,9310183,1,20250514,635,29,4,0,0,0,0,0,16,3,0,0,0,0,0,3,202505140635,32.9483090309301,130.502942,,,,,,,,,,,,,,,,,
t_travospublic_measure_5m.24570725.202505140635,89,,9310184,1,20250514,635,59,9,0,0,0,0,0,42,4,0,0,0,0,0,3,202505140635,32.918079150885305,130.6264597,,,,,,,,,,,,,,,,,
t_travospublic_measure_5m.24570726.202505140635,89,,9310185,1,20250514,635,8,1,0,0,0,0,0,18,0,0,0,0,0,0,3,202505140635,33.37000946154832,129.9447181,,,,,,,,,,,,,,,,,
t_travospublic_measure_5m.24570727.202505140635,89,,9310186,1,20250514,635,0,0,55,0,0,0,0,48,4,5,0,0,0,0,3,202505140635,33.55795203181972,130.456481,,,,,,,,,,,,,,,,,
t_travospublic_measure_5m.24570728.202505140635,89,,9310187,1,20250514,635,35,4,0,0,0,0,0,51,11,0,0,0,0,0,3,202505140635,33.504396031742644,130.111167,,,,,,,,,,,,,,,,,
t_travospublic_measure_5m.24570729.202505140635,89,,9310188,1,20250514,635,20,2,0,0,0,0,0,19,8,0,0,0,0,0,3,202505140635,33.3383090315023,130.64702,,,,,,,,,,,,,,,,,
t_travospublic_measure_5m.24570730.202505140635,89,,9310189,1,20250514,635,,,,0,0,0,1,,,,0,0,0,1,3,202505140635,33.06535003110294,129.833592,,,,,,,,,,,,,,,,,
t_travospublic_measure_5m.24570731.202505140635,89,,9310191,1,20250514,635,27,5,0,0,0,0,0,26,8,0,0,0,0,0,3,202505140635,33.18514003127884,130.387366,,,,,,,,,,,,,,,,,
t_travospublic_measure_5m.24570732.202505140635,89,,9310192,1,20250514,635,13,4,0,0,0,0,0,17,8,0,0,0,0,0,3,202505140635,33.20214803130375,130.361827,,,,,,,,,,,,,,,,,
t_travospublic_measure_5m.24570733.202505140635,89,,9310193,1,20250514,635,11,2,0,0,0,0,0,14,7,0,0,0,0,0,3,202505140635,33.20855403131311,130.343385,,,,,,,,,,,,,,,,,
t_travospublic_measure_5m.24570734.202505140635,89,,9310195,1,20250514,635,20,8,0,0,0,0,0,19,5,0,0,0,0,0,3,202505140635,33.32086003147692,130.863524,,,,,,,,,,,,,,,,,
t_travospublic_measure_5m.24570735.202505140635,89,,9310200,1,20250514,635,8,2,0,0,0,0,0,5,3,0,0,0,0,0,3,202505140635,33.250128031373855,131.295812,,,,,,,,,,,,,,,,,
t_travospublic_measure_5m.24570736.202505140635,89,,9310205,1,20250514,635,48,5,0,0,0,0,0,11,3,0,0,0,0,0,3,202505140635,33.19671903129579,131.498216,,,,,,,,,,,,,,,,,
t_travospublic_measure_5m.24570737.202505140635,89,,9310210,1,20250514,635,25,2,0,0,0,0,0,23,2,0,0,0,0,0,3,202505140635,31.816050029212782,131.442962,,,,,,,,,,,,,,,,,
t_travospublic_measure_5m.24570738.202505140635,89,,9310217,1,20250514,635,15,2,0,0,0,0,0,12,1,0,0,0,0,0,3,202505140635,31.417765998591218,130.99969040000002,,,,,,,,,,,,,,,,,
t_travospublic_measure_5m.24570739.202505140635,89,,9310218,1,20250514,635,35,9,0,0,0,0,0,20,2,0,0,0,0,0,3,202505140635,31.377286028527593,130.545285,,,,,,,,,,,,,,,,,
t_travospublic_measure_5m.24570740.202505140635,89,,9310219,1,20250514,635,1,0,0,0,0,0,0,10,0,0,0,0,0,0,3,202505140635,31.56571802882308,130.617867,,,,,,,,,,,,,,,,,
t_travospublic_measure_5m.24570741.202505140635,89,,9310220,1,20250514,635,20,4,0,0,0,0,0,26,14,0,0,0,0,0,3,202505140635,33.43104381163675,130.0480662,,,,,,,,,,,,,,,,,
t_travospublic_measure_5m.24570742.202505140635,89,,9310470,1,20250514,635,14,7,0,0,0,0,0,15,10,0,0,0,0,0,3,202505140635,32.24423502987137,130.476053,,,,,,,,,,,,,,,,,
t_travospublic_measure_5m.24570743.202505140635,89,,9310480,1,20250514,635,21,6,0,0,0,0,0,8,7,0,0,0,0,0,3,202505140635,32.21685802982958,130.428031,,,,,,,,,,,,,,,,,
t_travospublic_measure_5m.24570744.202505140635,89,,9310520,1,20250514,635,11,3,0,0,0,0,0,14,2,0,0,0,0,0,3,202505140635,32.102630029654726,130.326106,,,,,,,,,,,,,,,,,
t_travospublic_measure_5m.24570745.202505140635,89,,9310550,1,20250514,635,12,0,0,0,0,0,0,14,4,0,0,0,0,0,3,202505140635,32.056642029584104,130.22874,,,,,,,,,,,,,,,,,
t_travospublic_measure_5m.24570746.202505140635,89,,9310600,1,20250514,635,0,0,0,0,0,1,1,0,1,0,0,0,0,1,3,202505140635,31.84607502925929,130.257831,,,,,,,,,,,,,,,,,
t_travospublic_measure_5m.24570747.202505140635,89,,9310610,1,20250514,635,26,0,0,0,0,0,1,0,0,0,0,0,1,1,3,202505140635,31.804655029195118,130.283522,,,,,,,,,,,,,,,,,
t_travospublic_measure_5m.24570748.202505140635,89,,9310620,1,20250514,635,32,2,0,0,0,0,0,25,4,0,0,0,0,0,3,202505140635,31.759537029125095,130.304217,,,,,,,,,,,,,,,,,
t_travospublic_measure_5m.24570749.202505140635,89,,9310627,1,20250514,635,22,8,0,0,0,0,0,20,11,0,0,0,0,0,3,202505140635,33.46078103167972,130.044889,,,,,,,,,,,,,,,,,
t_travospublic_measure_5m.24570750.202505140635,89,,9310630,1,20250514,635,15,8,0,0,0,0,0,31,3,0,0,0,0,0,3,202505140635,33.414414111612686,129.9958886,,,,,,,,,,,,,,,,,
t_travospublic_measure_5m.24570751.202505140635,89,,9310650,1,20250514,635,21,9,0,0,0,0,0,25,9,0,0,0,0,0,3,202505140635,33.37966119156232,129.933567,,,,,,,,,,,,,,,,,
t_travospublic_measure_5m.24570752.202505140635,89,,9310660,1,20250514,635,19,2,0,0,0,0,0,15,6,0,0,0,0,0,3,202505140635,33.30074103144764,129.915058,,,,,,,,,,,,,,,,,
t_travospublic_measure_5m.24570753.202505140635,89,,9310710,1,20250514,635,13,3,0,0,0,0,0,13,6,0,0,0,0,0,3,202505140635,33.323471851480726,129.8060041,,,,,,,,,,,,,,,,,
t_travospublic_measure_5m.24570754.202505140635,89,,9310720,1,20250514,635,,,,0,0,0,1,,,,0,0,0,1,3,202505140635,33.355059031526615,129.743971,,,,,,,,,,,,,,,,,
t_travospublic_measure_5m.24570755.202505140635,89,,9310730,1,20250514,635,13,3,0,0,0,0,0,23,3,0,0,0,0,0,3,202505140635,33.34824903151674,129.729277,,,,,,,,,,,,,,,,,
t_travospublic_measure_5m.24570756.202505140635,89,,9360270,1,20250514,635,9,1,0,0,0,0,0,7,8,0,0,0,0,0,1,202505140635,32.93848103091554,131.866353,,,,,,,,,,,,,,,,,
t_travospublic_measure_5m.24570757.202505140635,89,,9360280,1,20250514,635,4,3,0,0,0,0,0,3,3,0,0,0,0,0,1,202505140635,32.895717030852126,131.864089,,,,,,,,,,,,,,,,,
t_travospublic_measure_5m.24570758.202505140635,89,,9360290,1,20250514,635,6,1,0,0,0,0,0,6,3,0,0,0,0,0,1,202505140635,32.80165203071222,131.87728,,,,,,,,,,,,,,,,,
t_travospublic_measure_5m.24570759.202505140635,89,,9360300,1,20250514,635,9,1,0,0,0,0,0,7,8,0,0,0,0,0,1,202505140635,32.72780503060196,131.827089,,,,,,,,,,,,,,,,,
t_travospublic_measure_5m.24570760.202505140635,89,,9360310,1,20250514,635,9,1,0,0,0,0,0,7,6,0,0,0,0,0,1,202505140635,32.708018030572354,131.811346,,,,,,,,,,,,,,,,,
t_travospublic_measure_5m.24570761.202505140635,89,,9360320,1,20250514,635,14,3,0,0,0,0,0,8,8,0,0,0,0,0,1,202505140635,32.66071403050147,131.702707,,,,,,,,,,,,,,,,,
t_travospublic_measure_5m.24570762.202505140635,89,,9360330,1,20250514,635,10,1,0,0,0,0,0,7,3,0,0,0,0,0,3,202505140635,32.67533903052341,131.725922,,,,,,,,,,,,,,,,,
t_travospublic_measure_5m.24570763.202505140635,89,,9360340,1,20250514,635,24,7,0,0,0,0,0,21,12,0,0,0,0,0,3,202505140635,32.544601030326895,131.648426,,,,,,,,,,,,,,,,,
t_travospublic_measure_5m.24570764.202505140635,89,,9360350,1,20250514,635,17,4,0,0,0,0,0,29,4,0,0,0,0,0,1,202505140635,31.69283102902137,131.379337,,,,,,,,,,,,,,,,,
t_travospublic_measure_5m.24570765.202505140635,89,,9360360,1,20250514,635,31,2,0,0,0,0,0,11,1,0,0,0,0,0,1,202505140635,31.626655028918243,131.387644,,,,,,,,,,,,,,,,,
t_travospublic_measure_5m.24570766.202505140635,89,,9360380,1,20250514,635,10,1,0,0,0,0,0,16,3,0,0,0,0,0,1,202505140635,31.48338302869418,131.081995,,,,,,,,,,,,,,,,,
t_travospublic_measure_5m.24570767.202505140635,89,,9360385,1,20250514,635,11,2,0,0,0,0,0,11,5,0,0,0,0,0,1,202505140635,31.46605602866702,131.053459,,,,,,,,,,,,,,,,,
t_travospublic_measure_5m.24570768.202505140635,89,,9360390,1,20250514,635,11,2,0,0,0,0,0,8,2,0,0,0,0,0,1,202505140635,31.445310028634466,130.99415,,,,,,,,,,,,,,,,,
t_travospublic_measure_5m.24570769.202505140635,89,,9360400,1,20250514,635,16,7,0,0,0,0,1,0,0,0,0,0,1,1,1,202505140635,31.466282028667365,130.90009,,,,,,,,,,,,,,,,,
t_travospublic_measure_5m.24570770.202505140635,89,,9360410,1,20250514,635,16,5,0,0,0,0,0,13,7,0,0,0,0,0,1,202505140635,31.521020028753135,130.93081,,,,,,,,,,,,,,,,,
t_travospublic_measure_5m.24570771.202505140635,89,,9360420,1,20250514,635,9,4,0,0,0,0,0,11,4,0,0,0,0,0,1,202505140635,31.615248748900434,130.9538662,,,,,,,,,,,,,,,,,
t_travospublic_measure_5m.24570772.202505140635,89,,9360430,1,20250514,635,11,0,0,0,0,0,0,9,1,0,0,0,0,0,1,202505140635,32.749633030634584,130.866625,,,,,,,,,,,,,,,,,
t_travospublic_measure_5m.24570773.202505140635,89,,9360440,1,20250514,635,9,0,0,0,0,0,0,17,2,0,0,0,0,0,1,202505140635,32.741409030622286,130.89194,,,,,,,,,,,,,,,,,
t_travospublic_measure_5m.24570774.202505140635,89,,9360443,1,20250514,635,9,1,0,0,0,0,0,6,3,0,0,0,0,0,1,202505140635,32.73097603060669,130.938429,,,,,,,,,,,,,,,,,
t_travospublic_measure_5m.24570775.202505140635,89,,9360465,1,20250514,635,11,1,0,0,0,0,0,9,3,0,0,0,0,0,3,202505140635,32.69277003054952,131.345815,,,,,,,,,,,,,,,,,
t_travospublic_measure_5m.24570776.202505140635,89,,9360467,1,20250514,635,8,2,0,0,0,0,0,8,7,0,0,0,0,0,3,202505140635,32.67691003052576,131.36226,,,,,,,,,,,,,,,,,
t_travospublic_measure_5m.24570777.202505140635,89,,9360470,1,20250514,635,26,4,0,0,0,0,0,15,3,0,0,0,0,0,3,202505140635,32.587591030391636,131.509484,,,,,,,,,,,,,,,,,
t_travospublic_measure_5m.24570778.202505140635,90,,10110010,1,20250514,635,50,4,0,0,0,0,0,23,4,0,0,0,0,0,3,202505140635,26.525846020561954,127.924665,,,,,,,,,,,,,,,,,
t_travospublic_measure_5m.24570779.202505140635,90,,10110030,1,20250514,635,131,10,0,0,0,0,0,162,2,0,0,0,0,0,3,202505140635,26.27496950463181,127.741287946701,,,,,,,,,,,,,,,,,
t_travospublic_measure_5m.24570780.202505140635,90,,10110031,1,20250514,635,66,10,0,0,0,0,0,93,12,0,0,0,0,0,3,202505140635,26.276840644070308,127.73121356964101,,,,,,,,,,,,,,,,,
t_travospublic_measure_5m.24570781.202505140635,90,,10110040,1,20250514,635,21,3,0,0,0,0,0,19,3,0,0,0,0,0,3,202505140635,26.47501802047749,127.955092,,,,,,,,,,,,,,,,,
t_travospublic_measure_5m.24570782.202505140635,90,,10110060,1,20250514,635,102,12,0,0,0,0,0,140,12,0,0,0,0,0,3,202505140635,26.28023651673024,127.81364321708601,,,,,,,,,,,,,,,,,
t_travospublic_measure_5m.24570783.202505140635,90,,10110070,1,20250514,635,47,5,0,0,0,0,0,43,2,0,0,0,0,0,3,202505140635,26.200277295979053,127.66189455985999,,,,,,,,,,,,,,,,,
t_travospublic_measure_5m.24570784.202505140635,90,,10110090,1,20250514,635,88,5,0,0,0,0,0,123,8,0,0,0,0,0,3,202505140635,26.1754430532393,127.706499695777,,,,,,,,,,,,,,,,,
t_travospublic_measure_5m_img.23628207.202505140635,81,02,1810010,1,20250514,635,0,2,,,,,,2,0,,,,,,3,202505140635,41.996809040234545,140.63609,,,2,0,2,0,0,0,0,0,0,0,0,0,0,0,blue
t_travospublic_measure_5m_img.23628208.202505140635,81,02,1810020,1,20250514,635,,,,,,,,,,,,,,,3,202505140635,42.079752040271956,140.596961,,,,,,,1,0,0,0,0,0,0,0,0,0,blue
t_travospublic_measure_5m_img.23628209.202505140635,81,02,1810030,1,20250514,635,,,,,,,,,,,,,,,3,202505140635,42.18194404031664,140.438889,,,,,,,1,0,0,0,0,0,0,0,0,0,blue
t_travospublic_measure_5m_img.23628210.202505140635,81,02,1810040,1,20250514,635,,,,,,,,,,,,,,,3,202505140635,42.21583304033111,140.385,,,,,,,1,0,0,0,0,0,0,0,0,0,blue
t_travospublic_measure_5m_img.23628211.202505140635,81,02,1810050,1,20250514,635,,,,,,,,,,,,,,,3,202505140635,42.29972204036625,140.271667,,,,,,,1,0,0,0,0,0,0,0,0,0,blue
t_travospublic_measure_5m_img.23628212.202505140635,81,03,1810060,1,20250514,635,,,,,,,,,,,,,,,3,202505140635,42.70250004052043,140.42222,,,,,,,1,,,,,,,,,,blue
t_travospublic_measure_5m_img.23628213.202505140635,81,03,1810070,1,20250514,635,,,,,,,,,,,,,,,3,202505140635,42.805277040555936,140.52666,,,,,,,1,,,,,,,,,,blue
t_travospublic_measure_5m_img.23628214.202505140635,81,03,1810080,1,20250514,635,,,,,,,,,,,,,,,3,202505140635,42.79952604055398,140.700552,,,,,,,0,0,0,0,0,0,0,0,0,1,blue
t_travospublic_measure_5m_img.23628215.202505140635,81,03,1810100,1,20250514,635,,,,,,,,,,,,,,,3,202505140635,43.037777040630445,140.678611,,,,,,,1,,,,,,,,,,blue
t_travospublic_measure_5m_img.23628216.202505140635,81,03,1810110,1,20250514,635,19,5,,,,,,13,7,,,,,,3,202505140635,43.20720804067966,140.975798,,,24,0,20,0,0,0,0,0,0,0,0,0,0,0,blue
t_travospublic_measure_5m_img.23628217.202505140635,81,03,1810120,1,20250514,635,43,2,,,,,,59,10,,,,,,3,202505140635,43.177556040671355,141.041001,,,45,0,69,0,0,0,0,0,0,0,0,0,0,0,blue
t_travospublic_measure_5m_img.23628218.202505140635,81,02,1810130,1,20250514,635,16,7,,,,,,44,2,,,,,,3,202505140635,41.881664040180986,140.72083,,,23,0,46,0,0,0,0,0,0,0,0,0,0,0,blue
t_travospublic_measure_5m_img.23628219.202505140635,81,02,1810140,1,20250514,635,11,5,,,,,,50,3,,,,,,3,202505140635,41.922053040199984,140.673037,,,16,0,53,0,0,0,0,0,0,0,0,0,0,0,blue
t_travospublic_measure_5m_img.23628220.202505140635,81,01,1810160,1,20250514,635,,,,,,,,,,,,,,,3,202505140635,43.575214040771755,141.936064,,,,,,,1,0,0,0,0,0,0,0,0,0,blue
t_travospublic_measure_5m_img.23628221.202505140635,81,04,1810180,1,20250514,635,,,,,,,,,,,,,,,3,202505140635,43.75527804080939,142.273889,,,,,,,1,,,,,,,,,,blue
t_travospublic_measure_5m_img.23628222.202505140635,81,01,1810200,1,20250514,635,55,6,,,,,,75,9,,,,,,3,202505140635,42.92800104059627,141.532244,,,61,0,84,0,0,0,0,0,0,0,0,0,0,0,blue
t_travospublic_measure_5m_img.23628223.202505140635,81,01,1810210,1,20250514,635,49,9,,,,,,9,2,,,,,,3,202505140635,42.86212604057491,141.599922,,,58,0,11,0,0,0,0,0,0,0,0,0,0,0,blue
t_travospublic_measure_5m_img.23628224.202505140635,81,05,1810220,1,20250514,635,49,23,,,,,,52,11,,,,,,3,202505140635,42.736385040532305,141.709144,,,72,0,63,0,0,0,0,0,0,0,0,0,0,0,blue
t_travospublic_measure_5m_img.23628225.202505140635,81,05,1810240,1,20250514,635,17,7,,,,,,22,5,,,,,,3,202505140635,42.44474904042452,141.159993,,,24,0,27,0,0,0,0,0,0,0,0,0,0,0,blue
t_travospublic_measure_5m_img.23628226.202505140635,81,05,1810250,1,20250514,635,25,2,,,,,,40,4,,,,,,3,202505140635,42.32896604037825,140.996368,,,27,0,44,0,0,0,0,0,0,0,0,0,0,0,blue
t_travospublic_measure_5m_img.23628227.202505140635,81,02,1810260,1,20250514,635,,,,,,,,,,,,,,,3,202505140635,42.59861104048294,140.461667,,,,,,,1,0,0,0,0,0,0,0,0,0,blue
t_travospublic_measure_5m_img.23628228.202505140635,81,05,1810270,1,20250514,635,1,3,,,,,,4,1,,,,,,3,202505140635,42.59319704048096,140.520753,,,4,0,5,0,0,0,0,0,0,0,0,0,0,0,blue
t_travospublic_measure_5m_img.23628229.202505140635,81,05,1810280,1,20250514,635,,,,,,,,,,,,,,,3,202505140635,42.59372804048115,140.535945,,,,,,,1,0,0,0,0,0,0,0,0,0,blue
t_travospublic_measure_5m_img.23628230.202505140635,81,05,1810290,1,20250514,635,11,4,,,,,,8,4,,,,,,3,202505140635,42.56267604046962,140.742626,,,15,0,12,0,0,0,0,0,0,0,0,0,0,0,blue
t_travospublic_measure_5m_img.23628231.202505140635,81,01,1810310,1,20250514,635,,,,,,,,,,,,,,,3,202505140635,43.57408404077149,141.983838,,,,,,,1,,,,,,,,,,blue
t_travospublic_measure_5m_img.23628232.202505140635,81,01,1810320,1,20250514,635,,,,,,,,,,,,,,,3,202505140635,43.47080004074768,142.266721,,,,,,,1,,,,,,,,,,blue
t_travospublic_measure_5m_img.23628233.202505140635,81,04,1810330,1,20250514,635,1,0,,,,,,3,0,,,,,,3,202505140635,43.39305604072871,142.348056,,,1,0,3,0,0,0,0,0,0,0,0,0,0,0,blue
t_travospublic_measure_5m_img.23628234.202505140635,81,04,1810340,1,20250514,635,,,,,,,,,,,,,,,3,202505140635,43.27194404069734,142.385,,,,,,,1,,,,,,,,,,blue
t_travospublic_measure_5m_img.23628235.202505140635,81,04,1810350,1,20250514,635,3,0,,,,,,0,4,,,,,,3,202505140635,43.197222040676884,142.575556,,,3,0,4,0,0,0,0,0,0,0,0,0,0,0,blue
t_travospublic_measure_5m_img.23628236.202505140635,81,07,1810360,1,20250514,635,,,,,,,,,,,,,,,3,202505140635,43.15732804066562,142.786759,,,,,,,0,0,0,0,0,0,0,0,0,1,blue
t_travospublic_measure_5m_img.23628237.202505140635,81,07,1810370,1,20250514,635,,,,,,,,,,,,,,,3,202505140635,42.814306040558975,143.51125,,,,,,,1,,,,,,,,,,blue
t_travospublic_measure_5m_img.23628238.202505140635,81,07,1810380,1,20250514,635,,,,,,,,,,,,,,,3,202505140635,42.82106404056124,143.710554,,,,,,,1,0,0,0,0,0,0,0,0,0,blue
t_travospublic_measure_5m_img.23628239.202505140635,81,06,1810390,1,20250514,635,,,,,,,,,,,,,,,3,202505140635,42.86448904057567,143.874907,,,,,,,1,,,,,,,,,,blue
t_travospublic_measure_5m_img.23628240.202505140635,81,06,1810400,1,20250514,635,,,,,,,,,,,,,,,3,202505140635,43.00508004062045,144.254672,,,,,,,1,,,,,,,,,,blue
t_travospublic_measure_5m_img.23628241.202505140635,81,06,1810410,1,20250514,635,,,,,,,,,,,,,,,3,202505140635,43.0195510406249,144.257695,,,,,,,1,,,,,,,,,,blue
t_travospublic_measure_5m_img.23628242.202505140635,81,06,1810420,1,20250514,635,10,0,,,,,,4,2,,,,,,3,202505140635,43.00768404062126,144.364725,,,10,0,6,0,0,0,0,0,0,0,0,0,0,0,blue
t_travospublic_measure_5m_img.23628243.202505140635,81,04,1810430,1,20250514,635,6,0,,,,,,6,2,,,,,,3,202505140635,43.89527804083526,142.525556,,,6,0,8,0,0,0,0,0,0,0,0,0,0,0,blue
t_travospublic_measure_5m_img.23628244.202505140635,81,04,1810440,1,20250514,635,1,1,,,,,,6,2,,,,,,3,202505140635,43.841944040825744,142.704722,,,2,0,8,0,0,0,0,0,0,0,0,0,0,0,blue
t_travospublic_measure_5m_img.23628245.202505140635,81,04,1810450,1,20250514,635,1,0,,,,,,0,1,,,,,,3,202505140635,43.65333304078868,143.117222,,,1,0,1,0,0,0,0,0,0,0,0,0,0,0,blue
t_travospublic_measure_5m_img.23628246.202505140635,81,08,1810460,1,20250514,635,10,3,,,,,,12,7,,,,,,3,202505140635,43.88484504083343,144.001818,,,13,0,19,0,0,0,0,0,0,0,0,0,0,0,blue
t_travospublic_measure_5m_img.23628247.202505140635,81,08,1810480,1,20250514,635,,,,,,,,,,,,,,,3,202505140635,43.91366204083846,144.156572,,,,,,,0,0,0,0,0,0,0,0,0,1,blue
t_travospublic_measure_5m_img.23628248.202505140635,81,04,1810490,1,20250514,635,,,,,,,,,,,,,,,3,202505140635,43.84722204082672,142.449167,,,,,,,1,0,0,0,0,0,0,0,0,0,blue
t_travospublic_measure_5m_img.23628249.202505140635,81,04,1810500,1,20250514,635,9,5,,,,,,4,5,,,,,,3,202505140635,44.08944404086627,142.395278,,,14,0,9,0,0,0,0,0,0,0,0,0,0,0,blue
t_travospublic_measure_5m_img.23628250.202505140635,81,04,1810510,1,20250514,635,,,,,,,,,,,,,,,3,202505140635,44.704722040926775,142.273889,,,,,,,0,0,0,0,0,0,0,0,0,1,blue
t_travospublic_measure_5m_img.23628251.202505140635,81,04,1810520,1,20250514,635,,,,,,,,,,,,,,,3,202505140635,44.72277804092767,142.249444,,,,,,,0,0,0,0,0,0,0,0,0,1,blue
t_travospublic_measure_5m_img.23628252.202505140635,81,09,1810530,1,20250514,635,,,,,,,,,,,,,,,3,202505140635,44.89631204093388,141.953342,,,,,,,1,0,0,0,0,0,0,0,0,0,blue
t_travospublic_measure_5m_img.23628253.202505140635,81,10,1810540,1,20250514,635,,,,,,,,,,,,,,,3,202505140635,45.02071604093552,141.771957,,,,,,,1,0,0,0,0,0,0,0,0,0,blue
t_travospublic_measure_5m_img.23628254.202505140635,81,10,1810550,1,20250514,635,,,,,,,,,,,,,,,3,202505140635,45.14500004093481,141.751667,,,,,,,1,0,0,0,0,0,0,0,0,0,blue
t_travospublic_measure_5m_img.23628255.202505140635,81,10,1810560,1,20250514,635,,,,,,,,,,,,,,,3,202505140635,45.226363040933066,141.745321,,,,,,,1,,,,,,,,,,blue
t_travospublic_measure_5m_img.23628256.202505140635,81,10,1810570,1,20250514,635,4,1,,,,,,3,2,,,,,,3,202505140635,45.112831040935205,141.794564,,,5,0,5,0,0,0,0,0,0,0,0,0,0,0,blue
t_travospublic_measure_5m_img.23628257.202505140635,81,06,1810580,1,20250514,635,9,0,,,,,,11,0,,,,,,3,202505140635,42.9878210406151,144.393418,,,9,0,11,0,0,0,0,0,0,0,0,0,0,0,blue
t_travospublic_measure_5m_img.23628258.202505140635,81,06,1810590,1,20250514,635,,,,,,,,,,,,,,,3,202505140635,43.05774504063647,144.791279,,,,,,,1,,,,,,,,,,blue
t_travospublic_measure_5m_img.23628259.202505140635,81,06,1810600,1,20250514,635,13,3,,,,,,15,4,,,,,,3,202505140635,43.05804004063655,144.830749,,,16,0,19,0,0,0,0,0,0,0,0,0,0,0,blue
t_travospublic_measure_5m_img.23628260.202505140635,81,06,1810610,1,20250514,635,0,0,,,,,,1,1,,,,,,3,202505140635,43.282406040700124,145.50731400000004,,,0,0,2,0,0,0,0,0,0,0,0,0,0,0,blue
t_travospublic_measure_5m_img.23628261.202505140635,81,02,1810620,1,20250514,635,4,0,,,,,,2,1,,,,,,3,202505140635,41.950833040213396,140.45583300000004,,,4,0,3,0,0,0,0,0,0,0,0,0,0,0,blue
t_travospublic_measure_5m_img.23628262.202505140635,81,02,1810630,1,20250514,635,,,,,,,,,,,,,,,3,202505140635,41.77071104012753,140.613124,,,,,,,1,0,0,0,0,0,0,0,0,0,blue
t_travospublic_measure_5m_img.23628263.202505140635,81,02,1810640,1,20250514,635,,,,,,,,,,,,,,,3,202505140635,41.666445040075686,140.434972,,,,,,,1,,,,,,,,,,blue
t_travospublic_measure_5m_img.23628264.202505140635,81,02,1810650,1,20250514,635,4,1,,,,,,10,1,,,,,,3,202505140635,41.624898040054596,140.429715,,,5,0,11,0,0,0,0,0,0,0,0,0,0,0,blue
t_travospublic_measure_5m_img.23628265.202505140635,81,02,1810660,1,20250514,635,5,0,,,,,,4,1,,,,,,3,202505140635,41.49941703998935,140.249304,,,5,0,5,0,0,0,0,0,0,0,0,0,0,0,blue
t_travospublic_measure_5m_img.23628266.202505140635,81,02,1810670,1,20250514,635,,,,,,,,,,,,,,,3,202505140635,41.40202103993715,140.185625,,,,,,,1,,,,,,,,,,blue
t_travospublic_measure_5m_img.23628267.202505140635,81,02,1810680,1,20250514,635,,,,,,,,,,,,,,,3,202505140635,41.43166703995318,140.128056,,,,,,,1,0,0,0,0,0,0,0,0,0,blue
t_travospublic_measure_5m_img.23628268.202505140635,81,02,1810690,1,20250514,635,,,,,,,,,,,,,,,3,202505140635,41.71166704009836,140.027778,,,,,,,1,0,0,0,0,0,0,0,0,0,blue
t_travospublic_measure_5m_img.23628269.202505140635,81,02,1810700,1,20250514,635,7,4,,,,,,8,1,,,,,,3,202505140635,41.84777804016484,140.12472200000002,,,11,0,9,0,0,0,0,0,0,0,0,0,0,0,blue
t_travospublic_measure_5m_img.23628270.202505140635,81,02,1810710,1,20250514,635,13,4,,,,,,18,2,,,,,,3,202505140635,41.84277804016245,140.732222,,,17,0,20,0,0,0,0,0,0,0,0,0,0,0,blue
t_travospublic_measure_5m_img.23628271.202505140635,81,02,1810720,1,20250514,635,0,0,,,,,,0,0,,,,,,3,202505140635,41.83583304015913,140.645833,,,0,0,0,0,0,0,0,0,0,0,0,0,0,0,blue
t_travospublic_measure_5m_img.23628272.202505140635,81,02,1810730,1,20250514,635,,,,,,,,,,,,,,,3,202505140635,41.78055604013235,140.61055600000003,,,,,,,1,,,,,,,,,,blue
t_travospublic_measure_5m_img.23628273.202505140635,81,03,1810750,1,20250514,635,8,3,,,,,,7,0,,,,,,3,202505140635,43.2287050406856,140.73446400000003,,,11,0,7,0,0,0,0,0,0,0,0,0,0,0,blue
t_travospublic_measure_5m_img.23628274.202505140635,81,03,1810760,1,20250514,635,4,0,,,,,,1,1,,,,,,3,202505140635,43.280277040699566,140.6375,,,4,0,2,0,0,0,0,0,0,0,0,0,0,0,blue
t_travospublic_measure_5m_img.23628275.202505140635,81,03,1810780,1,20250514,635,1,1,,,,,,1,0,,,,,,3,202505140635,43.328914040712355,140.422613,,,2,0,1,0,0,0,0,0,0,0,0,0,0,0,blue
t_travospublic_measure_5m_img.23628276.202505140635,81,03,1810790,1,20250514,635,1,0,,,,,,2,0,,,,,,3,202505140635,43.19878704067732,140.346959,,,1,0,2,0,0,0,0,0,0,0,0,0,0,0,blue
t_travospublic_measure_5m_img.23628277.202505140635,81,03,1810800,1,20250514,635,7,2,,,,,,8,1,,,,,,3,202505140635,43.04480504063257,140.505833,,,9,0,9,0,0,0,0,0,0,0,0,0,0,0,blue
t_travospublic_measure_5m_img.23628278.202505140635,81,03,1810810,1,20250514,635,27,6,,,,,,7,0,,,,,,3,202505140635,43.02277704062587,140.548333,,,33,0,7,0,0,0,0,0,0,0,0,0,0,0,blue
t_travospublic_measure_5m_img.23628279.202505140635,81,03,1810820,1,20250514,635,36,5,,,,,,8,2,,,,,,3,202505140635,42.99750304061811,140.538303,,,41,0,10,0,0,0,0,0,0,0,0,0,0,0,blue
t_travospublic_measure_5m_img.23628280.202505140635,81,03,1810830,1,20250514,635,22,0,,,,,,4,5,,,,,,3,202505140635,42.981000040613,140.511333,,,22,0,9,0,0,0,0,0,0,0,0,0,0,0,blue
t_travospublic_measure_5m_img.23628281.202505140635,81,03,1810840,1,20250514,635,3,5,,,,,,0,0,,,,,,3,202505140635,42.93163404059743,140.409415,,,8,0,0,0,0,0,0,0,0,0,0,0,0,0,blue
t_travospublic_measure_5m_img.23628282.202505140635,81,03,1810850,1,20250514,635,4,2,,,,,,1,5,,,,,,3,202505140635,42.83094404056455,140.308974,,,6,0,6,0,0,0,0,0,0,0,0,0,0,0,blue
t_travospublic_measure_5m_img.23628283.202505140635,81,03,1810860,1,20250514,635,0,0,,,,,,0,0,,,,,,3,202505140635,42.818297040560324,140.184051,,,0,0,0,0,0,0,0,0,0,0,0,0,0,0,blue
t_travospublic_measure_5m_img.23628284.202505140635,81,03,1810870,1,20250514,635,0,0,,,,,,0,1,,,,,,3,202505140635,42.68444404051404,139.919444,,,0,0,1,0,0,0,0,0,0,0,0,0,0,0,blue
t_travospublic_measure_5m_img.23628285.202505140635,81,02,1810880,1,20250514,635,,,,,,,,,,,,,,,3,202505140635,42.57583304047453,139.832222,,,,,,,1,0,0,0,0,0,0,0,0,0,blue
t_travospublic_measure_5m_img.23628286.202505140635,81,02,1810890,1,20250514,635,1,0,,,,,,4,0,,,,,,3,202505140635,42.17250004031257,139.899444,,,1,0,4,0,0,0,0,0,0,0,0,0,0,0,blue
t_travospublic_measure_5m_img.23628287.202505140635,81,02,1810900,1,20250514,635,5,0,,,,,,1,1,,,,,,3,202505140635,42.21750004033183,139.868333,,,5,0,2,0,0,0,0,0,0,0,0,0,0,0,blue
t_travospublic_measure_5m_img.23628288.202505140635,81,02,1810910,1,20250514,635,,,,,,,,,,,,,,,3,202505140635,42.11918804028937,140.016837,,,,,,,1,0,0,0,0,0,0,0,0,0,blue
t_travospublic_measure_5m_img.23628289.202505140635,81,02,1810920,1,20250514,635,,,,,,,,,,,,,,,3,202505140635,41.97324904022374,140.139624,,,,,,,1,0,0,0,0,0,0,0,0,0,blue
t_travospublic_measure_5m_img.23628290.202505140635,81,01,1810940,1,20250514,635,,,,,,,,,,,,,,,3,202505140635,43.001256040619275,141.339621,,,,,,,1,0,0,0,0,0,0,0,0,0,blue
t_travospublic_measure_5m_img.23628291.202505140635,81,01,1810950,1,20250514,635,,,,,,,,,,,,,,,3,202505140635,42.999192040618645,141.337588,,,,,,,1,0,0,0,0,0,0,0,0,0,blue
t_travospublic_measure_5m_img.23628292.202505140635,81,01,1810970,1,20250514,635,,,,,,,,,,,,,,,3,202505140635,42.883263040581824,141.139985,,,,,,,1,,,,,,,,,,blue
t_travospublic_measure_5m_img.23628293.202505140635,81,03,1810980,1,20250514,635,1,0,,,,,,9,0,,,,,,3,202505140635,42.69444404051758,140.839722,,,1,0,9,0,0,0,0,0,0,0,0,0,0,0,blue
t_travospublic_measure_5m_img.23628294.202505140635,81,01,1811010,1,20250514,635,17,2,,,,,,42,7,,,,,,3,202505140635,43.161847040666906,141.353771,,,19,0,49,0,0,0,0,0,0,0,0,0,0,0,blue
t_travospublic_measure_5m_img.23628295.202505140635,81,01,1811020,1,20250514,635,,,,,,,,,,,,,,,3,202505140635,43.183375040672985,141.323859,,,,,,,1,0,0,0,0,0,0,0,0,0,blue
t_travospublic_measure_5m_img.23628296.202505140635,81,01,1811030,1,20250514,635,,,,,,,,,,,,,,,3,202505140635,43.22320404068409,141.345058,,,,,,,1,0,0,0,0,0,0,0,0,0,blue
t_travospublic_measure_5m_img.23628297.202505140635,81,01,1811040,1,20250514,635,1,0,,,,,,7,0,,,,,,3,202505140635,43.39904804073019,141.436259,,,1,0,7,0,0,0,0,0,0,0,0,0,0,0,blue
t_travospublic_measure_5m_img.23628298.202505140635,81,09,1811050,1,20250514,635,,,,,,,,,,,,,,,3,202505140635,43.754167040809165,141.350556,,,,,,,1,0,0,0,0,0,0,0,0,0,blue
t_travospublic_measure_5m_img.23628299.202505140635,81,09,1811060,1,20250514,635,,,,,,,,,,,,,,,3,202505140635,44.96800904093512,141.76263200000002,,,,,,,1,0,0,0,0,0,0,0,0,0,blue
t_travospublic_measure_5m_img.23628300.202505140635,81,09,1811070,1,20250514,635,0,2,,,,,,3,0,,,,,,3,202505140635,44.934167040934625,141.755833,,,2,0,3,0,0,0,0,0,0,0,0,0,0,0,blue
t_travospublic_measure_5m_img.23628301.202505140635,81,09,1811080,1,20250514,635,5,1,,,,,,3,1,,,,,,3,202505140635,44.80500004093119,141.786111,,,6,0,4,0,0,0,0,0,0,0,0,0,0,0,blue
t_travospublic_measure_5m_img.23628302.202505140635,81,09,1811090,1,20250514,635,0,0,,,,,,6,2,,,,,,3,202505140635,44.642222040923244,141.793889,,,0,0,8,0,0,0,0,0,0,0,0,0,0,0,blue
t_travospublic_measure_5m_img.23628303.202505140635,81,09,1811100,1,20250514,635,6,2,,,,,,2,4,,,,,,3,202505140635,44.50014404091302,141.76481,,,8,0,6,0,0,0,0,0,0,0,0,0,0,0,blue
t_travospublic_measure_5m_img.23628304.202505140635,81,09,1811110,1,20250514,635,,,,,,,,,,,,,,,3,202505140635,44.37405804090138,141.71125400000003,,,,,,,1,0,0,0,0,0,0,0,0,0,blue
t_travospublic_measure_5m_img.23628305.202505140635,81,09,1811120,1,20250514,635,2,4,,,,,,3,1,,,,,,3,202505140635,44.255783040888275,141.656125,,,6,0,4,0,0,0,0,0,0,0,0,0,0,0,blue
t_travospublic_measure_5m_img.23628306.202505140635,81,09,1811130,1,20250514,635,,,,,,,,,,,,,,,3,202505140635,44.07063104086351,141.663029,,,,,,,1,0,0,0,0,0,0,0,0,0,blue
t_travospublic_measure_5m_img.23628307.202505140635,81,09,1811140,1,20250514,635,,,,,,,,,,,,,,,3,202505140635,43.99097904085126,141.651204,,,,,,,1,,,,,,,,,,blue
t_travospublic_measure_5m_img.23628308.202505140635,81,09,1811150,1,20250514,635,8,4,,,,,,4,12,,,,,,3,202505140635,43.94678404084405,141.651833,,,12,0,16,0,0,0,0,0,0,0,0,0,0,0,blue
t_travospublic_measure_5m_img.23628309.202505140635,81,09,1811160,1,20250514,635,,,,,,,,,,,,,,,3,202505140635,43.83194404082392,141.829722,,,,,,,1,0,0,0,0,0,0,0,0,0,blue
t_travospublic_measure_5m_img.23628310.202505140635,81,09,1811170,1,20250514,635,,,,,,,,,,,,,,,3,202505140635,43.84929604082709,141.814296,,,,,,,1,0,0,0,0,0,0,0,0,0,blue
t_travospublic_measure_5m_img.23628311.202505140635,81,09,1811180,1,20250514,635,1,0,,,,,,1,2,,,,,,3,202505140635,43.874414040831596,141.738365,,,1,0,3,0,0,0,0,0,0,0,0,0,0,0,blue
t_travospublic_measure_5m_img.23628312.202505140635,81,09,1811190,1,20250514,635,,,,,,,,,,,,,,,3,202505140635,43.918889040839346,141.685,,,,,,,1,0,0,0,0,0,0,0,0,0,blue
t_travospublic_measure_5m_img.23628313.202505140635,81,09,1811200,1,20250514,635,4,3,,,,,,2,5,,,,,,3,202505140635,43.89040404083442,141.708596,,,7,0,7,0,0,0,0,0,0,0,0,0,0,0,blue
t_travospublic_measure_5m_img.23628314.202505140635,81,01,1811210,1,20250514,635,,,,,,,,,,,,,,,3,202505140635,43.19022204067492,141.765475,,,,,,,1,0,0,0,0,0,0,0,0,0,blue
t_travospublic_measure_5m_img.23628315.202505140635,81,01,1811220,1,20250514,635,,,,,,,,,,,,,,,3,202505140635,42.898883040586895,141.813884,,,,,,,1,0,0,0,0,0,0,0,0,0,blue
t_travospublic_measure_5m_img.23628316.202505140635,81,05,1811230,1,20250514,635,2,3,,,,,,10,6,,,,,,3,202505140635,42.885113040582425,141.812065,,,5,0,16,0,0,0,0,0,0,0,0,0,0,0,blue
t_travospublic_measure_5m_img.23628317.202505140635,81,05,1811240,1,20250514,635,8,5,,,,,,4,2,,,,,,3,202505140635,42.76319504054159,141.812586,,,13,0,6,0,0,0,0,0,0,0,0,0,0,0,blue
t_travospublic_measure_5m_img.23628318.202505140635,81,05,1811250,1,20250514,635,7,0,,,,,,9,1,,,,,,3,202505140635,42.55317704046606,141.981715,,,7,0,10,0,0,0,0,0,0,0,0,0,0,0,blue
t_travospublic_measure_5m_img.23628319.202505140635,81,05,1811260,1,20250514,635,,,,,,,,,,,,,,,3,202505140635,42.16916704031112,142.768611,,,,,,,1,0,0,0,0,0,0,0,0,0,blue
t_travospublic_measure_5m_img.23628320.202505140635,81,05,1811270,1,20250514,635,6,4,,,,,,9,5,,,,,,3,202505140635,42.50615204044825,142.070834,,,10,0,14,0,0,0,0,0,0,0,0,0,0,0,blue
t_travospublic_measure_5m_img.23628321.202505140635,81,07,1811280,1,20250514,635,1,1,,,,,,0,0,,,,,,3,202505140635,42.58422604047764,143.30053,,,2,0,0,0,0,0,0,0,0,0,0,0,0,0,blue
t_travospublic_measure_5m_img.23628322.202505140635,81,07,1811290,1,20250514,635,1,0,,,,,,0,0,,,,,,3,202505140635,42.3768230403976,143.061454,,,1,0,0,0,0,0,0,0,0,0,0,0,0,0,blue
t_travospublic_measure_5m_img.23628323.202505140635,81,04,1811320,1,20250514,635,,,,,,,,,,,,,,,3,202505140635,43.60527804077837,142.469167,,,,,,,1,0,0,0,0,0,0,0,0,1,blue
t_travospublic_measure_5m_img.23628324.202505140635,81,04,1811330,1,20250514,635,8,2,,,,,,23,8,,,,,,3,202505140635,43.560833040768536,142.435,,,10,0,31,0,0,0,0,0,0,0,0,0,0,0,blue
t_travospublic_measure_5m_img.23628325.202505140635,81,04,1811340,1,20250514,635,4,1,,,,,,8,0,,,,,,3,202505140635,43.46000004074509,142.458611,,,5,0,8,0,0,0,0,0,0,0,0,0,0,0,blue
t_travospublic_measure_5m_img.23628326.202505140635,81,04,1811350,1,20250514,635,6,1,,,,,,10,3,,,,,,3,202505140635,43.41250004073354,142.433056,,,7,0,13,0,0,0,0,0,0,0,0,0,0,0,blue
t_travospublic_measure_5m_img.23628327.202505140635,81,04,1811360,1,20250514,635,2,2,,,,,,2,0,,,,,,3,202505140635,43.11694404065397,142.400833,,,4,0,2,0,0,0,0,0,0,0,0,0,0,0,blue
t_travospublic_measure_5m_img.23628328.202505140635,81,08,1811370,1,20250514,635,,,,,,,,,,,,,,,3,202505140635,44.09975304086775,143.867897,,,,,,,0,0,0,0,0,0,0,0,0,1,blue
t_travospublic_measure_5m_img.23628329.202505140635,81,08,1811380,1,20250514,635,4,0,,,,,,2,2,,,,,,3,202505140635,44.12070404087072,143.72058,,,4,0,4,0,0,0,0,0,0,0,0,0,0,0,blue
t_travospublic_measure_5m_img.23628330.202505140635,81,08,1811390,1,20250514,635,9,2,,,,,,4,1,,,,,,3,202505140635,44.364948040900465,143.334896,,,11,0,5,0,0,0,0,0,0,0,0,0,0,0,blue
t_travospublic_measure_5m_img.23628331.202505140635,81,10,1811400,1,20250514,635,,,,,,,,,,,,,,,3,202505140635,44.77763904093014,142.72205300000002,,,,,,,1,0,0,0,0,0,0,0,0,0,blue
t_travospublic_measure_5m_img.23628332.202505140635,81,10,1811410,1,20250514,635,5,0,,,,,,0,0,,,,,,3,202505140635,45.361691040927944,142.122166,,,5,0,0,0,0,0,0,0,0,0,0,0,0,0,blue
t_travospublic_measure_5m_img.23628333.202505140635,81,10,1811420,1,20250514,635,0,0,,,,,,7,0,,,,,,3,202505140635,45.43694404092388,141.862222,,,0,0,7,0,0,0,0,0,0,0,0,0,0,0,blue
t_travospublic_measure_5m_img.23628334.202505140635,81,08,1811430,1,20250514,635,2,0,,,,,,0,0,,,,,,3,202505140635,44.40500204090447,143.017708,,,2,0,0,0,0,0,0,0,0,0,0,0,0,0,blue
t_travospublic_measure_5m_img.23628335.202505140635,81,04,1811440,1,20250514,635,0,1,,,,,,0,0,,,,,,3,202505140635,44.31583304089519,142.783333,,,1,0,0,0,0,0,0,0,0,0,0,0,0,0,blue
t_travospublic_measure_5m_img.23628336.202505140635,81,04,1811450,1,20250514,635,0,0,,,,,,3,0,,,,,,3,202505140635,44.18222204087907,142.306667,,,0,0,3,0,0,0,0,0,0,0,0,0,0,0,blue
t_travospublic_measure_5m_img.23628337.202505140635,81,09,1811460,1,20250514,635,,,,,,,,,,,,,,,3,202505140635,44.20135104088153,142.034302,,,,,,,1,0,0,0,0,0,0,0,0,0,blue
t_travospublic_measure_5m_img.23628338.202505140635,81,09,1811470,1,20250514,635,,,,,,,,,,,,,,,3,202505140635,44.23906304088626,141.778997,,,,,,,1,0,0,0,0,0,0,0,0,0,blue
t_travospublic_measure_5m_img.23628339.202505140635,81,09,1811480,1,20250514,635,2,1,,,,,,2,0,,,,,,3,202505140635,44.2719440408902,141.686389,,,3,0,2,0,0,0,0,0,0,0,0,0,0,0,blue
t_travospublic_measure_5m_img.23628340.202505140635,81,06,1811490,1,20250514,635,,,,,,,,,,,,,,,3,202505140635,43.28312104070033,144.106479,,,,,,,1,0,0,0,0,0,0,0,0,0,blue
t_travospublic_measure_5m_img.23628341.202505140635,81,06,1811500,1,20250514,635,1,0,,,,,,0,4,,,,,,3,202505140635,43.45847504074473,144.008366,,,1,0,4,0,0,0,0,0,0,0,0,0,0,0,blue
t_travospublic_measure_5m_img.23628342.202505140635,81,08,1811520,1,20250514,635,11,3,,,,,,8,0,,,,,,3,202505140635,44.16231304087643,143.57881,,,14,0,8,0,0,0,0,0,0,0,0,0,0,0,blue
t_travospublic_measure_5m_img.23628343.202505140635,81,08,1811530,1,20250514,635,,,,,,,,,,,,,,,3,202505140635,44.13401504087257,143.561357,,,,,,,1,,,,,,,,,,blue
t_travospublic_measure_5m_img.23628344.202505140635,81,08,1811540,1,20250514,635,4,1,,,,,,1,2,,,,,,3,202505140635,43.81153304082013,143.553741,,,5,0,3,0,0,0,0,0,0,0,0,0,0,0,blue
t_travospublic_measure_5m_img.23628345.202505140635,81,07,1811550,1,20250514,635,,,,,,,,,,,,,,,3,202505140635,43.614803040780444,143.623559,,,,,,,1,,,,,,,,,,blue
t_travospublic_measure_5m_img.23628346.202505140635,81,07,1811560,1,20250514,635,,,,,,,,,,,,,,,3,202505140635,42.950000040603264,143.426667,,,,,,,1,,,,,,,,,,blue
t_travospublic_measure_5m_img.23628347.202505140635,81,07,1811570,1,20250514,635,,,,,,,,,,,,,,,3,202505140635,42.919389040593515,143.382667,,,,,,,1,,,,,,,,,,blue
t_travospublic_measure_5m_img.23628348.202505140635,81,06,1811580,1,20250514,635,,,,,,,,,,,,,,,3,202505140635,43.65168204078832,144.260814,,,,,,,1,,,,,,,,,,blue
t_travospublic_measure_5m_img.23628349.202505140635,81,06,1811590,1,20250514,635,,,,,,,,,,,,,,,3,202505140635,43.48222204075039,144.542778,,,,,,,1,,,,,,,,,,blue
t_travospublic_measure_5m_img.23628350.202505140635,81,06,1811600,1,20250514,635,1,1,,,,,,2,1,,,,,,3,202505140635,43.415912040734376,144.740463,,,2,0,3,0,0,0,0,0,0,0,0,0,0,0,blue
t_travospublic_measure_5m_img.23628351.202505140635,81,08,1811610,1,20250514,635,,,,,,,,,,,,,,,3,202505140635,43.96614504084723,144.326697,,,,,,,1,,,,,,,,,,blue
t_travospublic_measure_5m_img.23628352.202505140635,81,08,1811620,1,20250514,635,,,,,,,,,,,,,,,3,202505140635,43.91012304083783,144.542023,,,,,,,1,,,,,,,,,,blue
t_travospublic_measure_5m_img.23628353.202505140635,81,08,1811630,1,20250514,635,,,,,,,,,,,,,,,3,202505140635,43.888827040834144,144.736391,,,,,,,1,0,0,0,0,0,0,0,0,0,blue
t_travospublic_measure_5m_img.23628354.202505140635,81,06,1811640,1,20250514,635,1,0,,,,,,2,0,,,,,,3,202505140635,43.73179504080475,144.960789,,,1,0,2,0,0,0,0,0,0,0,0,0,0,0,blue
t_travospublic_measure_5m_img.23628355.202505140635,81,06,1811650,1,20250514,635,,,,,,,,,,,,,,,3,202505140635,43.69435704079721,145.112266,,,,,,,1,0,0,0,0,0,0,0,0,0,blue
t_travospublic_measure_5m_img.23628356.202505140635,81,06,1811660,1,20250514,635,,,,,,,,,,,,,,,3,202505140635,43.37687304072465,145.283748,,,,,,,1,0,0,0,0,0,0,0,0,0,blue
t_travospublic_measure_5m_img.23628357.202505140635,81,06,1811670,1,20250514,635,3,1,,,,,,7,4,,,,,,3,202505140635,43.225599040684756,144.69552000000002,,,4,0,11,0,0,0,0,0,0,0,0,0,0,0,blue
t_travospublic_measure_5m_img.23628358.202505140635,81,06,1811680,1,20250514,635,2,6,,,,,,6,1,,,,,,3,202505140635,43.384169040726476,144.866826,,,8,0,7,0,0,0,0,0,0,0,0,0,0,0,blue
t_travospublic_measure_5m_img.23628359.202505140635,81,06,1811690,1,20250514,635,4,1,,,,,,8,1,,,,,,3,202505140635,43.60985404077937,145.077277,,,5,0,9,0,0,0,0,0,0,0,0,0,0,0,blue
t_travospublic_measure_5m_img.23628360.202505140635,81,07,1811700,1,20250514,635,,,,,,,,,,,,,,,3,202505140635,43.353586040718724,143.261308,,,,,,,1,,,,,,,,,,blue
t_travospublic_measure_5m_img.23628361.202505140635,81,07,1811710,1,20250514,635,,,,,,,,,,,,,,,3,202505140635,43.571286040770886,143.120781,,,,,,,1,,,,,,,,,,blue
t_travospublic_measure_5m_img.23628362.202505140635,81,04,1811720,1,20250514,635,0,0,,,,,,0,0,,,,,,3,202505140635,43.66638904079141,143.0375,,,0,0,0,0,0,0,0,0,0,0,0,0,0,0,blue
t_travospublic_measure_5m_img.23628363.202505140635,81,04,1811730,1,20250514,635,,,,,,,,,,,,,,,3,202505140635,43.90888904083762,142.97333300000003,,,,,,,1,0,0,0,0,0,0,0,0,0,blue
t_travospublic_measure_5m_img.23628364.202505140635,81,04,1811740,1,20250514,635,1,0,,,,,,1,0,,,,,,3,202505140635,43.938889040842724,142.945556,,,1,0,1,0,0,0,0,0,0,0,0,0,0,0,blue
t_travospublic_measure_5m_img.23628365.202505140635,81,01,1811750,1,20250514,635,,,,,,,,,,,,,,,3,202505140635,42.99055604061596,141.606111,,,,,,,1,0,0,0,0,0,0,0,0,0,blue
t_travospublic_measure_5m_img.23628366.202505140635,81,01,1811760,1,20250514,635,,,,,,,,,,,,,,,3,202505140635,42.94269504060095,141.76061,,,,,,,1,0,0,0,0,0,0,0,0,0,blue
t_travospublic_measure_5m_img.23628367.202505140635,81,01,1811770,1,20250514,635,,,,,,,,,,,,,,,3,202505140635,42.950353040603375,141.802672,,,,,,,1,0,0,0,0,0,0,0,0,0,blue
t_travospublic_measure_5m_img.23628368.202505140635,81,01,1811780,1,20250514,635,,,,,,,,,,,,,,,3,202505140635,42.91325204059154,141.966963,,,,,,,1,0,0,0,0,0,0,0,0,0,blue
t_travospublic_measure_5m_img.23628369.202505140635,81,01,1811790,1,20250514,635,,,,,,,,,,,,,,,3,202505140635,42.92852504059643,142.063994,,,,,,,1,0,0,0,0,0,0,0,0,0,blue
t_travospublic_measure_5m_img.23628370.202505140635,81,05,1811800,1,20250514,635,,,,,,,,,,,,,,,3,202505140635,42.9641030406077,142.63981100000004,,,,,,,1,0,0,0,0,0,0,0,0,0,blue
t_travospublic_measure_5m_img.23628371.202505140635,81,01,1811810,1,20250514,635,,,,,,,,,,,,,,,3,202505140635,43.18243804067272,141.523454,,,,,,,1,0,0,0,0,0,0,0,0,1,blue
t_travospublic_measure_5m_img.23628372.202505140635,81,01,1811840,1,20250514,635,,,,,,,,,,,,,,,3,202505140635,43.71586004080156,141.885874,,,,,,,1,0,0,0,0,0,0,0,0,0,blue
t_travospublic_measure_5m_img.23628373.202505140635,81,01,1811850,1,20250514,635,,,,,,,,,,,,,,,3,202505140635,43.76892104081203,141.884179,,,,,,,1,0,0,0,0,0,0,0,0,0,blue
t_travospublic_measure_5m_img.23628374.202505140635,81,01,1811860,1,20250514,635,0,0,,,,,,1,0,,,,,,3,202505140635,43.80589304081908,141.905599,,,0,0,1,0,0,0,0,0,0,0,0,0,0,0,blue
t_travospublic_measure_5m_img.23628375.202505140635,81,01,1811870,1,20250514,635,0,0,,,,,,0,0,,,,,,3,202505140635,43.917356040839074,142.125632,,,0,0,0,0,0,0,0,0,0,0,0,0,0,0,blue
t_travospublic_measure_5m_img.23628376.202505140635,81,04,1811880,1,20250514,635,,,,,,,,,,,,,,,3,202505140635,44.74083304092855,142.253333,,,,,,,0,0,0,0,0,0,0,0,0,1,blue
t_travospublic_measure_5m_img.23628377.202505140635,81,10,1811890,1,20250514,635,0,1,,,,,,1,0,,,,,,3,202505140635,44.82012704093172,142.283995,,,1,0,1,0,0,0,0,0,0,0,0,0,0,0,blue
t_travospublic_measure_5m_img.23628378.202505140635,81,10,1811900,1,20250514,635,,,,,,,,,,,,,,,3,202505140635,45.044836040935564,142.315288,,,,,,,1,0,0,0,0,0,0,0,0,0,blue
t_travospublic_measure_5m_img.23628379.202505140635,81,10,1811910,1,20250514,635,,,,,,,,,,,,,,,3,202505140635,45.10707504093527,142.363412,,,,,,,1,0,0,0,0,0,0,0,0,1,blue
t_travospublic_measure_5m_img.23628380.202505140635,81,03,1811920,1,20250514,635,,,,,,,,,,,,,,,3,202505140635,42.98635304061466,140.606197,,,,,,,1,0,0,0,0,0,0,0,0,0,blue
t_travospublic_measure_5m_img.23628381.202505140635,81,03,1811930,1,20250514,635,7,7,,,,,,6,1,,,,,,3,202505140635,42.88083304058103,140.878055,,,14,0,7,0,0,0,0,0,0,0,0,0,0,0,blue
t_travospublic_measure_5m_img.23628382.202505140635,81,03,1811940,1,20250514,635,1,9,,,,,,3,1,,,,,,3,202505140635,42.80440904055563,140.891961,,,10,0,4,0,0,0,0,0,0,0,0,0,0,0,blue
t_travospublic_measure_5m_img.23628383.202505140635,81,03,1811950,1,20250514,635,3,1,,,,,,2,3,,,,,,3,202505140635,42.75773904053971,141.013347,,,4,0,5,0,0,0,0,0,0,0,0,0,0,0,blue
t_travospublic_measure_5m_img.23628384.202505140635,81,01,1811990,1,20250514,635,,,,,,,,,,,,,,,3,202505140635,42.74221004053433,141.402953,,,,,,,1,0,0,0,0,0,0,0,0,0,blue
t_travospublic_measure_5m_img.23628385.202505140635,81,02,1812000,1,20250514,635,0,0,,,,,,1,0,,,,,,3,202505140635,42.16954304031129,140.05216,,,0,0,1,0,0,0,0,0,0,0,0,0,0,0,blue
t_travospublic_measure_5m_img.23628386.202505140635,81,02,1812010,1,20250514,635,,,,,,,,,,,,,,,3,202505140635,41.76194404012323,140.856944,,,,,,,1,0,0,0,0,0,0,0,0,0,blue
t_travospublic_measure_5m_img.23628387.202505140635,81,02,1812020,1,20250514,635,,,,,,,,,,,,,,,3,202505140635,41.714722040099886,140.9975,,,,,,,1,0,0,0,0,0,0,0,0,0,blue
t_travospublic_measure_5m_img.23628388.202505140635,81,02,1812030,1,20250514,635,,,,,,,,,,,,,,,3,202505140635,41.87888904017965,141.092222,,,,,,,1,0,0,0,0,0,0,0,0,0,blue
t_travospublic_measure_5m_img.23628389.202505140635,81,02,1812040,1,20250514,635,,,,,,,,,,,,,,,3,202505140635,41.9566670402161,140.928611,,,,,,,1,0,0,0,0,0,0,0,0,0,blue
t_travospublic_measure_5m_img.23628390.202505140635,81,02,1812050,1,20250514,635,,,,,,,,,,,,,,,3,202505140635,42.013056040241956,140.853611,,,,,,,1,0,0,0,0,0,0,0,0,0,blue
t_travospublic_measure_5m_img.23628391.202505140635,81,02,1812060,1,20250514,635,,,,,,,,,,,,,,,3,202505140635,42.042500040255284,140.813056,,,,,,,1,0,0,0,0,0,0,0,0,0,blue
t_travospublic_measure_5m_img.23628392.202505140635,81,02,1812070,1,20250514,635,,,,,,,,,,,,,,,3,202505140635,42.12805604029326,140.711389,,,,,,,1,0,0,0,0,0,0,0,0,0,blue
t_travospublic_measure_5m_img.23628393.202505140635,81,02,1812080,1,20250514,635,,,,,,,,,,,,,,,3,202505140635,42.118611040289125,140.632778,,,,,,,1,0,0,0,0,0,0,0,0,0,blue
t_travospublic_measure_5m_img.23628394.202505140635,81,06,1812090,1,20250514,635,,,,,,,,,,,,,,,3,202505140635,43.89994004083609,145.099582,,,,,,,1,0,0,0,0,0,0,0,0,0,blue
t_travospublic_measure_5m_img.23628395.202505140635,81,05,1812130,1,20250514,635,1,0,,,,,,0,0,,,,,,3,202505140635,42.02778604024864,143.231184,,,1,0,0,0,0,0,0,0,0,0,0,0,0,0,blue
t_travospublic_measure_5m_img.23628396.202505140635,81,07,1812150,1,20250514,635,0,0,,,,,,0,0,,,,,,3,202505140635,42.16202804030805,143.324389,,,0,0,0,0,0,0,0,0,0,0,0,0,0,0,blue
t_travospublic_measure_5m_img.23628397.202505140635,81,07,1812160,1,20250514,635,1,1,,,,,,1,0,,,,,,3,202505140635,42.28172204035879,143.318222,,,2,0,1,0,0,0,0,0,0,0,0,0,0,0,blue
t_travospublic_measure_5m_img.23628398.202505140635,81,07,1812170,1,20250514,635,,,,,,,,,,,,,,,3,202505140635,42.31167604037116,143.321044,,,,,,,1,0,0,0,0,0,0,0,0,0,blue
t_travospublic_measure_5m_img.23628399.202505140635,81,07,1812180,1,20250514,635,,,,,,,,,,,,,,,3,202505140635,42.68446104051403,143.603341,,,,,,,1,0,0,0,0,0,0,0,0,0,blue
t_travospublic_measure_5m_img.23628400.202505140635,81,07,1812190,1,20250514,635,0,0,,,,,,2,0,,,,,,3,202505140635,42.69532104051788,143.615947,,,0,0,2,0,0,0,0,0,0,0,0,0,0,0,blue
t_travospublic_measure_5m_img.23628401.202505140635,81,07,1812200,1,20250514,635,2,1,,,,,,1,0,,,,,,3,202505140635,42.74108304053393,143.63151,,,3,0,1,0,0,0,0,0,0,0,0,0,0,0,blue
t_travospublic_measure_5m_img.23628402.202505140635,81,01,1812210,1,20250514,635,2,1,,,,,,3,1,,,,,,3,202505140635,42.85600604057288,141.704289,,,3,0,4,0,0,0,0,0,0,0,0,0,0,0,blue
t_travospublic_measure_5m_img.23628403.202505140635,81,01,1812220,1,20250514,635,,,,,,,,,,,,,,,3,202505140635,42.969962040609545,141.672998,,,,,,,1,0,0,0,0,0,0,0,0,0,blue
t_travospublic_measure_5m_img.23628404.202505140635,81,01,1812230,1,20250514,635,,,,,,,,,,,,,,,3,202505140635,43.02096904062534,141.663755,,,,,,,1,0,0,0,0,0,0,0,0,0,blue
t_travospublic_measure_5m_img.23628405.202505140635,81,03,1812240,1,20250514,635,39,7,,,,,,41,21,,,,,,3,202505140635,43.14450004066195,141.187805,,,46,0,62,0,0,0,0,0,0,0,0,0,0,0,blue
t_travospublic_measure_5m_img.23628406.202505140635,81,06,1812250,1,20250514,635,0,1,,,,,,3,2,,,,,,3,202505140635,43.68733204079576,144.466438,,,1,0,5,0,0,0,0,0,0,0,0,0,0,0,blue
t_travospublic_measure_5m_img.23628407.202505140635,81,03,1812260,1,20250514,635,1,0,,,,,,3,0,,,,,,3,202505140635,42.99111104061613,140.875833,,,1,0,3,0,0,0,0,0,0,0,0,0,0,0,blue
t_travospublic_measure_5m_img.23628408.202505140635,81,04,1812280,1,20250514,635,15,7,,,,,,0,0,,,,,,3,202505140635,43.8908760408345,142.588463,,,22,0,0,0,0,0,0,0,0,0,0,0,0,0,blue
t_travospublic_measure_5m_img.23628409.202505140635,81,04,1812290,1,20250514,635,,,,,,,,,,,,,,,3,202505140635,43.85300304082776,142.702054,,,,,,,1,0,0,0,0,0,0,0,0,0,blue
t_travospublic_measure_5m_img.23628410.202505140635,81,01,1812300,1,20250514,635,0,0,,,,,,0,0,,,,,,3,202505140635,43.578650040772516,141.414894,,,0,0,0,0,0,0,0,0,0,0,0,0,0,0,blue
t_travospublic_measure_5m_img.23628411.202505140635,81,01,1812310,1,20250514,635,,,,,,,,,,,,,,,3,202505140635,43.548241040765674,141.621516,,,,,,,1,0,0,0,0,0,0,0,0,0,blue
t_travospublic_measure_5m_img.23628412.202505140635,81,01,1812320,1,20250514,635,,,,,,,,,,,,,,,3,202505140635,43.542762040764444,141.638006,,,,,,,1,0,0,0,0,0,0,0,0,0,blue
t_travospublic_measure_5m_img.23628413.202505140635,81,01,1812330,1,20250514,635,,,,,,,,,,,,,,,3,202505140635,43.55901004076813,141.903362,,,,,,,1,0,0,0,0,0,0,0,0,0,blue
t_travospublic_measure_5m_img.23628414.202505140635,81,01,1812340,1,20250514,635,,,,,,,,,,,,,,,3,202505140635,42.995832040617586,142.00991,,,,,,,1,0,0,0,0,0,0,0,0,0,blue
t_travospublic_measure_5m_img.23628415.202505140635,81,01,1812350,1,20250514,635,25,1,,,,,,34,1,,,,,,3,202505140635,42.979904040612645,141.346302,,,26,0,35,0,0,0,0,0,0,0,0,0,0,0,blue
t_travospublic_measure_5m_img.23628416.202505140635,81,01,1812360,1,20250514,635,1,1,,,,,,7,1,,,,,,3,202505140635,42.87625504057954,141.358278,,,2,0,8,0,0,0,0,0,0,0,0,0,0,0,blue
t_travospublic_measure_5m_img.23628417.202505140635,81,01,1812370,1,20250514,635,3,1,,,,,,4,1,,,,,,3,202505140635,42.83639604056636,141.300884,,,4,0,5,0,0,0,0,0,0,0,0,0,0,0,blue
t_travospublic_measure_5m_img.23628418.202505140635,81,01,1812380,1,20250514,635,,,,,,,,,,,,,,,3,202505140635,42.80255304055502,141.327921,,,,,,,1,0,0,0,0,0,0,0,0,0,blue
t_travospublic_measure_5m_img.23628419.202505140635,82,,2810180,1,20250514,635,13,4,,,,,,15,14,,,,,,3,202505140635,38.89166803813703,141.115835,,,17,0,29,0,0,,,,0,,,,,,blue
t_travospublic_measure_5m_img.23628420.202505140635,82,,2810190,1,20250514,635,8,7,,,,,,33,15,,,,,,3,202505140635,39.03166703825964,141.1175,,,15,0,48,0,0,,,,0,,,,,,blue
t_travospublic_measure_5m_img.23628421.202505140635,82,,2810200,1,20250514,635,4,2,,,,,,10,6,,,,,,3,202505140635,39.0450020382712,141.129544,,,6,0,16,0,0,,,,0,,,,,,blue
t_travospublic_measure_5m_img.23628422.202505140635,82,,2810220,1,20250514,635,44,9,,,,,,25,5,,,,,,3,202505140635,39.29444503848296,141.105556,,,53,0,30,0,0,,,,0,,,,,,blue
t_travospublic_measure_5m_img.23628423.202505140635,82,,2810230,1,20250514,635,0,0,,,,,,0,0,,,,,,3,202505140635,39.344446038524424,141.106946,,,0,0,0,0,0,,,,0,,,,,,blue
t_travospublic_measure_5m_img.23628424.202505140635,82,,2810240,1,20250514,635,18,4,,,,,,18,4,,,,,,3,202505140635,39.651946038772245,141.164724,,,22,0,22,0,0,,,,0,,,,,,blue
t_travospublic_measure_5m_img.23628425.202505140635,82,,2810250,1,20250514,635,,,,,,,,,,,,,,,3,202505140635,39.888889038954595,141.19528,,,,,,,1,,,,0,,,,,,blue
t_travospublic_measure_5m_img.23628426.202505140635,82,,2810270,1,20250514,635,0,0,,,,,,0,0,,,,,,3,202505140635,40.27277803923393,141.293058,,,0,0,0,0,0,,,,0,,,,,,blue
t_travospublic_measure_5m_img.23628427.202505140635,82,,2810280,1,20250514,635,17,10,,,,,,19,6,,,,,,3,202505140635,40.41445803933193,141.298913,,,27,0,25,0,0,,,,0,,,,,,blue
t_travospublic_measure_5m_img.23628428.202505140635,82,,2810290,1,20250514,635,13,0,,,,,,27,2,,,,,,3,202505140635,40.718083039532594,141.156692,,,13,0,29,0,0,,,,0,,,,,,blue
t_travospublic_measure_5m_img.23628429.202505140635,82,,2810300,1,20250514,635,26,8,,,,,,15,5,,,,,,3,202505140635,40.907508039651255,141.061111,,,34,0,20,0,0,,,,0,,,,,,blue
t_travospublic_measure_5m_img.23628430.202505140635,82,,2810310,1,20250514,635,14,10,,,,,,14,2,,,,,,3,202505140635,40.8547220396187,140.839178,,,24,0,16,0,0,,,,0,,,,,,blue
t_travospublic_measure_5m_img.23628431.202505140635,82,,2810370,1,20250514,635,15,1,,,,,,17,2,,,,,,3,202505140635,38.82440303807722,139.8377,,,16,0,19,0,0,,,,0,,,,,,blue
t_travospublic_measure_5m_img.23628432.202505140635,82,,2810390,1,20250514,635,,,,,,,,,,,,,,,3,202505140635,39.06557303828897,139.881432,,,,,,,1,,,,0,,,,,,blue
t_travospublic_measure_5m_img.23628433.202505140635,82,,2810400,1,20250514,635,8,1,,,,,,6,0,,,,,,3,202505140635,39.26847903846129,139.923131,,,9,0,6,0,0,,,,0,,,,,,blue
t_travospublic_measure_5m_img.23628434.202505140635,82,,2810430,1,20250514,635,7,2,,,,,,19,6,,,,,,3,202505140635,39.976642039020206,140.07770900000003,,,9,0,25,0,0,,,,0,,,,,,blue
t_travospublic_measure_5m_img.23628435.202505140635,82,,2810450,1,20250514,635,,,,,,,,,,,,,,,3,202505140635,40.278639039238044,140.449111,,,,,,,1,,,,0,,,,,,blue
t_travospublic_measure_5m_img.23628436.202505140635,82,,2810460,1,20250514,635,16,2,,,,,,10,4,,,,,,3,202505140635,40.275306039235716,140.516861,,,18,0,14,0,0,,,,0,,,,,,blue
t_travospublic_measure_5m_img.23628437.202505140635,82,,2810470,1,20250514,635,11,4,,,,,,12,6,,,,,,3,202505140635,40.317917039265446,140.578139,,,15,0,18,0,0,,,,0,,,,,,blue
t_travospublic_measure_5m_img.23628438.202505140635,82,,2810480,1,20250514,635,25,10,,,,,,18,4,,,,,,3,202505140635,40.577502039441285,140.518889,,,35,0,22,0,0,,,,0,,,,,,blue
t_travospublic_measure_5m_img.23628439.202505140635,82,,2810490,1,20250514,635,25,14,,,,,,50,12,,,,,,3,202505140635,40.711137039528154,140.580013,,,39,0,62,0,0,,,,0,,,,,,blue
t_travospublic_measure_5m_img.23628440.202505140635,82,,2810510,1,20250514,635,18,2,,,,,,12,5,,,,,,3,202505140635,37.931619037229716,140.126356,,,20,0,17,0,0,,,,0,,,,,,blue
t_travospublic_measure_5m_img.23628441.202505140635,82,,2810520,1,20250514,635,18,3,,,,,,12,2,,,,,,3,202505140635,38.05191103734962,140.17323,,,21,0,14,0,0,,,,0,,,,,,blue
t_travospublic_measure_5m_img.23628442.202505140635,82,,2810530,1,20250514,635,0,0,,,,,,0,0,,,,,,3,202505140635,38.207931037502526,140.318236,,,0,0,0,0,0,,,,0,,,,,,blue
t_travospublic_measure_5m_img.23628443.202505140635,82,,2810540,1,20250514,635,,,,,,,,,,,,,,,3,202505140635,38.69290503795864,140.319386,,,,,,,1,,,,0,,,,,,blue
t_travospublic_measure_5m_img.23628444.202505140635,82,,2810550,1,20250514,635,,,,,,,,,,,,,,,3,202505140635,38.84374903809449,140.331102,,,,,,,1,,,,0,,,,,,blue
t_travospublic_measure_5m_img.23628445.202505140635,82,,2810570,1,20250514,635,,,,,,,,,,,,,,,3,202505140635,38.989511038222986,140.362649,,,,,,,1,,,,0,,,,,,blue
t_travospublic_measure_5m_img.23628446.202505140635,82,,2810580,1,20250514,635,9,1,,,,,,31,4,,,,,,3,202505140635,39.260555038454655,140.543611,,,10,0,35,0,0,,,,0,,,,,,blue
t_travospublic_measure_5m_img.23628447.202505140635,82,,2810590,1,20250514,635,22,4,,,,,,10,1,,,,,,3,202505140635,39.44138803860391,140.505,,,26,0,11,0,0,,,,0,,,,,,blue
t_travospublic_measure_5m_img.23628448.202505140635,82,,2810600,1,20250514,635,3,3,,,,,,31,8,,,,,,3,202505140635,39.51138803866052,140.380833,,,6,0,39,0,0,,,,0,,,,,,blue
t_travospublic_measure_5m_img.23628449.202505140635,82,,2810610,1,20250514,635,12,8,,,,,,23,6,,,,,,3,202505140635,39.63750003876089,140.300833,,,20,0,29,0,0,,,,0,,,,,,blue
t_travospublic_measure_5m_img.23628450.202505140635,82,,2810620,1,20250514,635,42,12,,,,,,36,13,,,,,,3,202505140635,39.67388903878944,140.152222,,,54,0,49,0,0,,,,0,,,,,,blue
t_travospublic_measure_5m_img.23628451.202505140635,82,,2810630,1,20250514,635,36,17,,,,,,39,5,,,,,,3,202505140635,39.69425003880535,140.122194,,,53,0,44,0,0,,,,0,,,,,,blue
t_travospublic_measure_5m_img.23628452.202505140635,82,,2810640,1,20250514,635,0,0,,,,,,85,9,,,,,,3,202505140635,38.42574103771099,140.376255,,,0,0,94,0,0,,,,0,,,,,,blue
t_travospublic_measure_5m_img.23628453.202505140635,82,,2810960,1,20250514,635,2,1,,,,,,16,0,,,,,,3,202505140635,40.26398203922775,141.40187,,,3,0,16,0,0,,,,0,,,,,,blue
t_travospublic_measure_5m_img.23628454.202505140635,82,,2810970,1,20250514,635,4,0,,,,,,9,3,,,,,,3,202505140635,40.4453010393529,141.638612,,,4,0,12,0,0,,,,0,,,,,,blue
t_travospublic_measure_5m_img.23628455.202505140635,82,,2810980,1,20250514,635,31,9,,,,,,87,9,,,,,,3,202505140635,40.30396403925574,141.3059,,,40,0,96,0,0,,,,0,,,,,,blue
t_travospublic_measure_5m_img.23628456.202505140635,82,,2810990,1,20250514,635,10,4,,,,,,18,9,,,,,,3,202505140635,40.60361303945845,141.404748,,,14,0,27,0,0,,,,0,,,,,,blue
t_travospublic_measure_5m_img.23628457.202505140635,82,,2811030,1,20250514,635,0,0,,,,,,4,2,,,,,,3,202505140635,39.608922038738314,140.57135,,,0,0,6,0,0,,,,0,,,,,,blue
t_travospublic_measure_5m_img.23628458.202505140635,82,,2811080,1,20250514,635,3,0,,,,,,4,1,,,,,,3,202505140635,38.73957803800097,140.241932,,,3,0,5,0,0,,,,0,,,,,,blue
t_travospublic_measure_5m_img.23628459.202505140635,82,,2811090,1,20250514,635,14,6,,,,,,12,14,,,,,,3,202505140635,38.73790803799946,140.135331,,,20,0,26,0,0,,,,0,,,,,,blue
t_travospublic_measure_5m_img.23628460.202505140635,82,,2811100,1,20250514,635,,,,,,,,,,,,,,,3,202505140635,38.79085003804716,139.993766,,,,,,,1,,,,0,,,,,,blue
t_travospublic_measure_5m_img.23628461.202505140635,82,,2811180,1,20250514,635,12,3,,,,,,1,3,,,,,,3,202505140635,38.49628003777725,139.970303,,,15,0,4,0,0,,,,0,,,,,,blue
t_travospublic_measure_5m_img.23628462.202505140635,83,,3810010,1,20250514,635,16,9,,,,,,30,3,,,,,,3,202505140635,35.23222203411103,139.112514,,,25,0,33,0,0,0,0,0,0,0,0,0,0,0,blue
t_travospublic_measure_5m_img.23628463.202505140635,83,,3810040,1,20250514,635,29,5,,,,,,20,4,,,,,,3,202505140635,35.26450803415279,139.182925,,,34,0,24,0,0,0,0,0,0,0,0,0,0,0,blue
t_travospublic_measure_5m_img.23628464.202505140635,83,,3810060,1,20250514,635,118,33,,,,,,45,19,,,,,,3,202505140635,35.725261072361086,139.78833095668,,,151,0,64,0,0,0,0,0,0,0,0,0,0,0,blue
t_travospublic_measure_5m_img.23628465.202505140635,83,,3810070,1,20250514,635,123,39,,,,,,29,8,,,,,,3,202505140635,35.735055772282294,139.795343463609,,,162,0,37,0,0,0,0,0,0,0,0,0,0,0,blue
t_travospublic_measure_5m_img.23628466.202505140635,83,,3810080,1,20250514,635,0,0,,,,,,37,17,,,,,,3,202505140635,35.73896290498206,139.797270681572,,,0,0,54,0,0,0,0,0,0,0,0,0,0,0,blue
t_travospublic_measure_5m_img.23628467.202505140635,83,,3810100,1,20250514,635,28,3,,,,,,25,2,,,,,,3,202505140635,36.53972203571964,139.883611,,,31,0,27,0,0,0,0,0,0,0,0,0,0,0,blue
t_travospublic_measure_5m_img.23628468.202505140635,83,,3810110,1,20250514,635,32,2,,,,,,21,14,,,,,,3,202505140635,36.91694403615054,139.999722,,,34,0,35,0,0,0,0,0,0,0,0,0,0,0,blue
t_travospublic_measure_5m_img.23628469.202505140635,83,,3810140,1,20250514,635,33,36,,,,,,35,24,,,,,,3,202505140635,35.9900520350645,139.793529,,,69,0,59,0,0,0,0,0,0,0,0,0,0,0,blue
t_travospublic_measure_5m_img.23628470.202505140635,83,,3810151,1,20250514,635,30,35,,,,,,40,39,,,,,,3,202505140635,36.07984803517367,139.770041,,,65,0,79,0,0,0,0,0,0,0,0,0,0,0,blue
t_travospublic_measure_5m_img.23628471.202505140635,83,,3810160,1,20250514,635,72,31,,,,,,76,53,,,,,,3,202505140635,36.167500035279446,139.779444,,,103,0,129,0,0,0,0,0,0,0,0,0,0,0,blue
t_travospublic_measure_5m_img.23628472.202505140635,83,,3810180,1,20250514,635,55,20,,,,,,128,32,,,,,,3,202505140635,36.296506035433666,139.841547,,,75,0,160,0,0,0,0,0,0,0,0,0,0,0,blue
t_travospublic_measure_5m_img.23628473.202505140635,83,,3810200,1,20250514,635,118,30,,,,,,58,25,,,,,,3,202505140635,36.57174703575683,139.941692,,,148,0,83,0,0,0,0,0,0,0,0,0,0,0,blue
t_travospublic_measure_5m_img.23628474.202505140635,83,,3810210,1,20250514,635,126,16,,,,,,0,0,,,,,,3,202505140635,35.694558518577544,139.78420024258003,,,142,0,0,0,0,0,0,0,0,0,0,0,0,0,blue
t_travospublic_measure_5m_img.23628475.202505140635,83,,3810220,1,20250514,635,,,,,,,,,,,,,,,3,202505140635,35.73416286894769,139.831977693081,,,,,,,1,0,0,0,0,0,0,0,0,0,blue
t_travospublic_measure_5m_img.23628476.202505140635,83,,3810260,1,20250514,635,70,21,,,,,,53,19,,,,,,3,202505140635,35.83796603487771,139.939917,,,91,0,72,0,0,0,0,0,0,0,0,0,0,0,blue
t_travospublic_measure_5m_img.23628477.202505140635,83,,3810280,1,20250514,635,107,32,,,,,,101,14,,,,,,3,202505140635,35.895306034948405,140.059167,,,139,0,115,0,0,0,0,0,0,0,0,0,0,0,blue
t_travospublic_measure_5m_img.23628478.202505140635,83,,3810290,1,20250514,635,46,8,,,,,,56,11,,,,,,3,202505140635,36.06811403515946,140.179269,,,54,0,67,0,0,0,0,0,0,0,0,0,0,0,blue
t_travospublic_measure_5m_img.23628479.202505140635,83,,3810300,1,20250514,635,,,,,,,,,,,,,,,3,202505140635,36.078239035171734,140.177747,,,,,,,1,,,,,,,,,,blue
t_travospublic_measure_5m_img.23628480.202505140635,83,,3810320,1,20250514,635,5,3,,,,,,88,16,,,,,,3,202505140635,36.378875035531216,140.500661,,,8,0,104,0,0,0,0,0,0,0,0,0,0,0,blue
t_travospublic_measure_5m_img.23628481.202505140635,83,,3810330,1,20250514,635,0,0,,,,,,72,12,,,,,,3,202505140635,36.655972035854084,140.701006,,,0,0,84,0,0,0,0,0,0,0,0,0,0,0,blue
t_travospublic_measure_5m_img.23628482.202505140635,83,,3810340,1,20250514,635,14,7,,,,,,0,0,,,,,,3,202505140635,36.794736036012644,140.752922,,,21,0,0,0,0,0,0,0,0,0,0,0,0,0,blue
t_travospublic_measure_5m_img.23628483.202505140635,83,,3810350,1,20250514,635,52,10,,,,,,49,13,,,,,,3,202505140635,35.92645303498668,140.111775,,,62,0,62,0,0,0,0,0,0,0,0,0,0,0,blue
t_travospublic_measure_5m_img.23628484.202505140635,83,,3810360,1,20250514,635,101,40,,,,,,40,11,,,,,,3,202505140635,35.694040942069805,139.789910543304,,,141,0,51,0,0,0,0,0,0,0,0,0,0,0,blue
t_travospublic_measure_5m_img.23628485.202505140635,83,,3810370,1,20250514,635,,,,,,,,,,,,,,,3,202505140635,35.702867388707524,139.866257828687,,,,,,,1,0,0,0,0,0,0,0,0,0,blue
t_travospublic_measure_5m_img.23628486.202505140635,83,,3810380,1,20250514,635,87,28,,,,,,116,22,,,,,,3,202505140635,35.628891034617155,140.088076,,,115,0,138,0,0,0,0,0,0,0,0,0,0,0,blue
t_travospublic_measure_5m_img.23628487.202505140635,83,,3810390,1,20250514,635,36,14,,,,,,23,18,,,,,,3,202505140635,35.62349099143046,139.737976826575,,,50,0,41,0,0,0,0,0,0,0,0,0,0,0,blue
t_travospublic_measure_5m_img.23628488.202505140635,83,,3810400,1,20250514,635,7,5,,,,,,47,1,,,,,,3,202505140635,35.263900034152,139.698397,,,12,0,48,0,0,0,0,0,0,0,0,0,0,0,blue
t_travospublic_measure_5m_img.23628489.202505140635,83,,3810410,1,20250514,635,33,7,,,,,,22,4,,,,,,3,202505140635,35.62304903460981,139.340292,,,40,0,26,0,0,0,0,0,0,0,0,0,0,0,blue
t_travospublic_measure_5m_img.23628490.202505140635,83,,3810420,1,20250514,635,33,9,,,,,,60,15,,,,,,3,202505140635,35.67571003467587,139.331954,,,42,0,75,0,0,0,0,0,0,0,0,0,0,0,blue
t_travospublic_measure_5m_img.23628491.202505140635,83,,3810431,1,20250514,635,35,28,,,,,,62,12,,,,,,3,202505140635,35.77594403480087,139.336731,,,63,0,74,0,0,0,0,0,0,0,0,0,0,0,blue
t_travospublic_measure_5m_img.23628492.202505140635,83,,3810440,1,20250514,635,39,14,,,,,,34,16,,,,,,3,202505140635,35.82933103486704,139.380426,,,53,0,50,0,0,0,0,0,0,0,0,0,0,0,blue
t_travospublic_measure_5m_img.23628493.202505140635,83,,3810460,1,20250514,635,,,,,,,,,,,,,,,3,202505140635,35.91289603497003,139.534764,,,,,,,1,,,,,,,,,,blue
t_travospublic_measure_5m_img.23628494.202505140635,83,,3810470,1,20250514,635,,,,,,,,23,17,,,,,,3,202505140635,35.92749603498795,139.591065,,,,,40,0,0,0,0,0,0,0,0,0,0,0,blue
t_travospublic_measure_5m_img.23628495.202505140635,83,,3810490,1,20250514,635,50,30,,,,,,78,38,,,,,,3,202505140635,35.992460035067445,139.820467,,,80,0,116,0,0,0,0,0,0,0,0,0,0,0,blue
t_travospublic_measure_5m_img.23628496.202505140635,83,,3810500,1,20250514,635,94,29,,,,,,36,19,,,,,,3,202505140635,35.79376864024429,139.685717006056,,,123,0,55,0,0,0,0,0,0,0,0,0,0,0,blue
t_travospublic_measure_5m_img.23628497.202505140635,83,,3810510,1,20250514,635,10,9,,,,,,6,3,,,,,,3,202505140635,35.8210620348568,139.680963,,,19,0,9,0,0,0,0,0,0,0,0,0,0,0,blue
t_travospublic_measure_5m_img.23628498.202505140635,83,,3810520,1,20250514,635,76,25,,,,,,53,19,,,,,,3,202505140635,35.97632603504774,139.594106,,,101,0,72,0,0,0,0,0,0,0,0,0,0,0,blue
t_travospublic_measure_5m_img.23628499.202505140635,83,,3810540,1,20250514,635,27,11,,,,,,19,5,,,,,,3,202505140635,36.230692035355204,139.2134,,,38,0,24,0,0,0,0,0,0,0,0,0,0,0,blue
t_travospublic_measure_5m_img.23628500.202505140635,83,,3810560,1,20250514,635,,,,,,,,,,,,,,,3,202505140635,36.31113903545105,139.02725,,,,,,,1,0,0,0,0,0,0,0,0,0,blue
t_travospublic_measure_5m_img.23628501.202505140635,83,,3810600,1,20250514,635,11,2,,,,,,14,0,,,,,,3,202505140635,36.68205603588405,138.968889,,,13,0,14,0,0,0,0,0,0,0,0,0,0,0,blue
t_travospublic_measure_5m_img.23628502.202505140635,83,,3810610,1,20250514,635,87,19,,,,,,,,,,,,,3,202505140635,35.84803703489016,139.625615,,,106,0,,,0,0,0,0,0,0,0,0,0,0,blue
t_travospublic_measure_5m_img.23628503.202505140635,83,,3810620,1,20250514,635,,,,,,,,42,20,,,,,,3,202505140635,35.84444303488572,139.626759,,,,,62,0,0,0,0,0,0,0,0,0,0,0,blue
t_travospublic_measure_5m_img.23628504.202505140635,83,,3810670,1,20250514,635,108,22,,,,,,68,27,,,,,,3,202505140635,36.35330303550101,139.215067,,,130,0,95,0,0,0,0,0,0,0,0,0,0,0,blue
t_travospublic_measure_5m_img.23628505.202505140635,83,,3810680,1,20250514,635,,,,,,,,,,,,,,,3,202505140635,36.37355603552494,139.151425,,,,,,,1,,,,,,,,,,blue
t_travospublic_measure_5m_img.23628506.202505140635,83,,3810700,1,20250514,635,31,6,,,,,,43,14,,,,,,3,202505140635,36.33143303547511,138.895742,,,37,0,57,0,0,0,0,0,0,0,0,0,0,0,blue
t_travospublic_measure_5m_img.23628507.202505140635,83,,3810710,1,20250514,635,18,4,,,,,,10,1,,,,,,3,202505140635,36.33250003547639,138.5235,,,22,0,11,0,0,0,0,0,0,0,0,0,0,0,blue
t_travospublic_measure_5m_img.23628508.202505140635,83,,3810720,1,20250514,635,64,13,,,,,,36,15,,,,,,3,202505140635,36.49438903566681,138.150722,,,77,0,51,0,0,0,0,0,0,0,0,0,0,0,blue
t_travospublic_measure_5m_img.23628509.202505140635,83,,3810740,1,20250514,635,33,6,,,,,,57,5,,,,,,3,202505140635,36.65492503585288,138.23375,,,39,0,62,0,0,0,0,0,0,0,0,0,0,0,blue
t_travospublic_measure_5m_img.23628510.202505140635,83,,3810750,1,20250514,635,52,0,,,,,,41,6,,,,,,3,202505140635,36.695139035899054,138.26925,,,52,0,47,0,0,0,0,0,0,0,0,0,0,0,blue
t_travospublic_measure_5m_img.23628511.202505140635,83,,3810760,1,20250514,635,51,1,,,,,,24,3,,,,,,3,202505140635,36.717694035924886,138.298306,,,52,0,27,0,0,0,0,0,0,0,0,0,0,0,blue
t_travospublic_measure_5m_img.23628512.202505140635,83,,3810770,1,20250514,635,7,3,,,,,,13,4,,,,,,3,202505140635,36.75032203596213,138.212264,,,10,0,17,0,0,0,0,0,0,0,0,0,0,0,blue
t_travospublic_measure_5m_img.23628513.202505140635,83,,3810780,1,20250514,635,6,2,,,,,,8,2,,,,,,3,202505140635,36.792972036010646,138.219778,,,8,0,10,0,0,0,0,0,0,0,0,0,0,0,blue
t_travospublic_measure_5m_img.23628514.202505140635,83,,3810790,1,20250514,635,37,3,,,,,,32,3,,,,,,3,202505140635,36.406417035563685,138.204417,,,40,0,35,0,0,0,0,0,0,0,0,0,0,0,blue
t_travospublic_measure_5m_img.23628515.202505140635,83,,3810800,1,20250514,635,,,,,,,,,,,,,,,3,202505140635,36.82044403604179,138.192306,,,,,,,1,,,,,,,,,,blue
t_travospublic_measure_5m_img.23628516.202505140635,83,,3810810,1,20250514,635,,,,,,,,,,,,,,,3,202505140635,36.8368890360604,138.205542,,,,,,,1,,,,,,,,,,blue
t_travospublic_measure_5m_img.23628517.202505140635,83,,3810820,1,20250514,635,4,0,,,,,,2,1,,,,,,3,202505140635,36.513833035689494,138.094389,,,4,0,3,0,0,0,0,0,0,0,0,0,0,0,blue
t_travospublic_measure_5m_img.23628518.202505140635,83,,3810821,1,20250514,635,5,3,,,,,,4,1,,,,,,3,202505140635,36.52786103570584,138.096722,,,8,0,5,0,0,0,0,0,0,0,0,0,0,0,blue
t_travospublic_measure_5m_img.23628519.202505140635,83,,3810830,1,20250514,635,,,,,,,,,,,,,,,3,202505140635,36.23586103536139,137.9565,,,,,,,1,,,,,,,,,,blue
t_travospublic_measure_5m_img.23628520.202505140635,83,,3810840,1,20250514,635,,,,,,,,,,,,,,,3,202505140635,36.38313903553625,137.925722,,,,,,,1,,,,,,,,,,blue
t_travospublic_measure_5m_img.23628521.202505140635,83,,3810850,1,20250514,635,,,,,,,,,,,,,,,3,202505140635,36.4623860356294,137.946275,,,,,,,1,,,,,,,,,,blue
t_travospublic_measure_5m_img.23628522.202505140635,83,,3810860,1,20250514,635,,,,,,,,,,,,,,,3,202505140635,36.5884720357762,138.050889,,,,,,,1,,,,,,,,,,blue
t_travospublic_measure_5m_img.23628523.202505140635,83,,3810870,1,20250514,635,5,0,,,,,,12,1,,,,,,3,202505140635,36.61469403580651,138.085167,,,5,0,13,0,0,0,0,0,0,0,0,0,0,0,blue
t_travospublic_measure_5m_img.23628524.202505140635,83,,3810880,1,20250514,635,,,,,,,,,,,,,,,3,202505140635,36.615111035807,138.086528,,,,,,,1,,,,,,,,,,blue
t_travospublic_measure_5m_img.23628525.202505140635,83,,3810900,1,20250514,635,,,,,,,,,,,,,,,3,202505140635,36.62808303582196,138.153194,,,,,,,1,,,,,,,,,,blue
t_travospublic_measure_5m_img.23628526.202505140635,83,,3810910,1,20250514,635,,,,,,,,,,,,,,,3,202505140635,36.64626403584291,138.18197200000003,,,,,,,1,,,,,,,,,,blue
t_travospublic_measure_5m_img.23628527.202505140635,83,,3810920,1,20250514,635,,,,,,,,,,,,,,,3,202505140635,36.648972035846036,138.193972,,,,,,,1,,,,,,,,,,blue
t_travospublic_measure_5m_img.23628528.202505140635,83,,3810930,1,20250514,635,17,7,,,,,,14,4,,,,,,3,202505140635,36.616944035809105,138.133611,,,24,0,18,0,0,0,0,0,0,0,0,0,0,0,blue
t_travospublic_measure_5m_img.23628529.202505140635,83,,3810960,1,20250514,635,,,,,,,,,,,,,,,3,202505140635,35.670246331649835,139.627355578637,,,,,,,1,0,0,0,0,0,0,0,0,0,blue
t_travospublic_measure_5m_img.23628530.202505140635,83,,3810970,1,20250514,635,8,2,,,,,,15,4,,,,,,3,202505140635,35.61726703460252,139.240054,,,10,0,19,0,0,0,0,0,0,0,0,0,0,0,blue
t_travospublic_measure_5m_img.23628531.202505140635,83,,3810980,1,20250514,635,12,4,,,,,,15,3,,,,,,3,202505140635,35.62000003460596,139.1275,,,16,0,18,0,0,0,0,0,0,0,0,0,0,0,blue
t_travospublic_measure_5m_img.23628532.202505140635,83,,3811000,1,20250514,635,10,2,,,,,,16,3,,,,,,3,202505140635,35.604222034586115,138.92594400000002,,,12,0,19,0,0,0,0,0,0,0,0,0,0,0,blue
t_travospublic_measure_5m_img.23628533.202505140635,83,,3811030,1,20250514,635,36,8,,,,,,31,11,,,,,,3,202505140635,35.643889034635976,138.636389,,,44,0,42,0,0,0,0,0,0,0,0,0,0,0,blue
t_travospublic_measure_5m_img.23628534.202505140635,83,,3811050,1,20250514,635,8,3,,,,,,13,3,,,,,,3,202505140635,35.91541703497313,138.227361,,,11,0,16,0,0,0,0,0,0,0,0,0,0,0,blue
t_travospublic_measure_5m_img.23628535.202505140635,83,,3811060,1,20250514,635,,,,,,,,,,,,,,,3,202505140635,35.94028603500364,138.197875,,,,,,,1,0,0,0,0,0,0,0,0,0,blue
t_travospublic_measure_5m_img.23628536.202505140635,83,,3811070,1,20250514,635,32,3,,,,,,12,3,,,,,,3,202505140635,36.029750035112876,138.1255,,,35,0,15,0,0,0,0,0,0,0,0,0,0,0,blue
t_travospublic_measure_5m_img.23628537.202505140635,83,,3811080,1,20250514,635,32,5,,,,,,47,9,,,,,,3,202505140635,36.077694035171085,138.037889,,,37,0,56,0,0,0,0,0,0,0,0,0,0,0,blue
t_travospublic_measure_5m_img.23628538.202505140635,83,,3811090,1,20250514,635,1,0,,,,,,28,7,,,,,,3,202505140635,36.12191703522454,137.959472,,,1,0,35,0,0,0,0,0,0,0,0,0,0,0,blue
t_travospublic_measure_5m_img.23628539.202505140635,83,,3811100,1,20250514,635,23,5,,,,,,17,3,,,,,,3,202505140635,35.9769440350485,138.163333,,,28,0,20,0,0,0,0,0,0,0,0,0,0,0,blue
t_travospublic_measure_5m_img.23628540.202505140635,83,,3811110,1,20250514,635,10,5,,,,,,15,6,,,,,,3,202505140635,36.08683303518214,138.06408300000004,,,15,0,21,0,0,0,0,0,0,0,0,0,0,0,blue
t_travospublic_measure_5m_img.23628541.202505140635,83,,3811121,1,20250514,635,,,,,,,,31,3,,,,,,3,202505140635,35.63168503462065,139.28402,,,,,34,0,0,0,0,0,0,0,0,0,0,0,blue
t_travospublic_measure_5m_img.23628542.202505140635,83,,3811130,1,20250514,635,14,3,,,,,,15,4,,,,,,3,202505140635,35.99511103507067,138.139278,,,17,0,19,0,0,0,0,0,0,0,0,0,0,0,blue
t_travospublic_measure_5m_img.23628543.202505140635,83,,3811190,1,20250514,635,22,6,,,,,,24,13,,,,,,3,202505140635,36.38173603553459,140.325428,,,28,0,37,0,0,0,0,0,0,0,0,0,0,0,blue
t_travospublic_measure_5m_img.23628544.202505140635,83,,3811220,1,20250514,635,26,4,,,,,,29,6,,,,,,3,202505140635,35.959128035026716,140.602286,,,30,0,35,0,0,0,0,0,0,0,0,0,0,0,blue
t_travospublic_measure_5m_img.23628545.202505140635,83,,3811230,1,20250514,635,0,0,,,,,,13,0,,,,,,3,202505140635,35.95769703502496,140.602514,,,0,0,13,0,0,0,0,0,0,0,0,0,0,0,blue
t_travospublic_measure_5m_img.23628546.202505140635,83,,3811240,1,20250514,635,12,4,,,,,,10,6,,,,,,3,202505140635,35.200928034070465,138.520986,,,16,0,16,0,0,0,0,0,0,0,0,0,0,0,blue
t_travospublic_measure_5m_img.23628547.202505140635,83,,3811250,1,20250514,635,2,0,,,,,,0,1,,,,,,3,202505140635,35.31250003421467,138.442011,,,2,0,1,0,0,0,0,0,0,0,0,0,0,0,blue
t_travospublic_measure_5m_img.23628548.202505140635,83,,3811270,1,20250514,635,15,6,,,,,,44,6,,,,,,3,202505140635,35.5316670344945,138.450278,,,21,0,50,0,0,0,0,0,0,0,0,0,0,0,blue
t_travospublic_measure_5m_img.23628549.202505140635,83,,3811290,1,20250514,635,12,2,,,,,,11,2,,,,,,3,202505140635,35.041444033862305,139.833306,,,14,0,13,0,0,0,0,0,0,0,0,0,0,0,blue
t_travospublic_measure_5m_img.23628550.202505140635,83,,3811300,1,20250514,635,7,0,,,,,,13,3,,,,,,3,202505140635,35.157361034013846,139.819,,,7,0,16,0,0,0,0,0,0,0,0,0,0,0,blue
t_travospublic_measure_5m_img.23628551.202505140635,83,,3811330,1,20250514,635,22,4,,,,,,32,0,,,,,,3,202505140635,35.53888903450364,138.885556,,,26,0,32,0,0,0,0,0,0,0,0,0,0,0,blue
t_travospublic_measure_5m_img.23628552.202505140635,83,,3811340,1,20250514,635,21,5,,,,,,28,1,,,,,,3,202505140635,35.60305603458465,138.940833,,,26,0,29,0,0,0,0,0,0,0,0,0,0,0,blue
t_travospublic_measure_5m_img.23628553.202505140635,83,,3811360,1,20250514,635,39,17,,,,,,73,31,,,,,,3,202505140635,35.48552503443597,139.460986,,,56,0,104,0,0,0,0,0,0,0,0,0,0,0,blue
t_travospublic_measure_5m_img.23628554.202505140635,83,,3811370,1,20250514,635,,,,,,,,,,,,,,,3,202505140635,35.35857503427389,139.075042,,,,,,,1,0,0,0,0,0,0,0,0,0,blue
t_travospublic_measure_5m_img.23628555.202505140635,83,,3811390,1,20250514,635,78,56,,,,,,,,,,,,,3,202505140635,35.64686740024182,139.854860316246,,,134,0,,,0,0,0,0,0,0,0,0,0,0,blue
t_travospublic_measure_5m_img.23628556.202505140635,83,,3811400,1,20250514,635,,,,,,,,126,51,,,,,,3,202505140635,35.64717212036359,139.836463807018,,,,,177,0,0,0,0,0,0,0,0,0,0,0,blue
t_travospublic_measure_5m_img.23628557.202505140635,83,,3811401,1,20250514,635,,,,,,,,,,,,,,,3,202505140635,35.64792275306184,139.837391468126,,,,,,,0,0,0,0,0,0,1,0,0,0,blue
t_travospublic_measure_5m_img.23628558.202505140635,83,,3811410,1,20250514,635,52,41,,,,,,,,,,,,,3,202505140635,35.6321085640565,139.785108560174,,,93,0,,,0,0,0,0,0,0,0,0,0,0,blue
t_travospublic_measure_5m_img.23628559.202505140635,83,,3811411,1,20250514,635,,,,,,,,76,36,,,,,,3,202505140635,35.63193106766495,139.786372369256,,,,,112,0,0,0,0,0,0,0,0,0,0,0,blue
t_travospublic_measure_5m_img.23628560.202505140635,83,,3811420,1,20250514,635,,,,,,,,,,,,,,,3,202505140635,35.57873713134419,139.756665501316,,,,,,,1,0,0,0,0,0,0,0,0,0,blue
t_travospublic_measure_5m_img.23628561.202505140635,83,,3811421,1,20250514,635,,,,,,,,,,,,,,,3,202505140635,35.573715682248654,139.759184371525,,,,,,,0,0,0,0,0,0,1,0,0,0,blue
t_travospublic_measure_5m_img.23628562.202505140635,83,,3811430,1,20250514,635,114,33,,,,,,86,23,,,,,,3,202505140635,35.6138270345982,140.103045,,,147,0,109,0,0,0,0,0,0,0,0,0,0,0,blue
t_travospublic_measure_5m_img.23628563.202505140635,83,,3811440,1,20250514,635,3,0,,,,,,17,10,,,,,,3,202505140635,35.60712645223976,139.747366707275,,,3,0,27,0,0,0,0,0,0,0,0,0,0,0,blue
t_travospublic_measure_5m_img.23628564.202505140635,84,,4810010,1,20250514,635,118,27,,,,,,203,9,,,,,,3,202505140635,37.9300000372281,139.134722,,,145,0,212,0,0,0,0,0,0,0,0,0,0,0,blue
t_travospublic_measure_5m_img.23628565.202505140635,84,,4810020,1,20250514,635,123,14,,,,,,120,11,,,,,,3,202505140635,37.95278103725094,139.213611,,,137,0,131,0,0,0,0,0,0,0,0,0,0,0,blue
t_travospublic_measure_5m_img.23628566.202505140635,84,,4810040,1,20250514,635,49,2,,,,,,37,5,,,,,,3,202505140635,37.96305603726123,139.3275,,,51,0,42,0,0,0,0,0,0,0,0,0,0,0,blue
t_travospublic_measure_5m_img.23628567.202505140635,84,,4810060,1,20250514,635,6,1,,,,,,8,1,,,,,,3,202505140635,38.2550360375481,139.501792,,,7,0,9,0,0,0,0,0,0,0,0,0,0,0,blue
t_travospublic_measure_5m_img.23628568.202505140635,84,,4810070,1,20250514,635,18,8,,,,,,10,5,,,,,,3,202505140635,38.28200003757407,139.521444,,,26,0,15,0,0,0,0,0,0,0,0,0,0,0,blue
t_travospublic_measure_5m_img.23628569.202505140635,84,,4810080,1,20250514,635,6,3,,,,,,2,4,,,,,,3,202505140635,38.374925037662884,139.556342,,,9,0,6,0,0,0,0,0,0,0,0,0,0,0,blue
t_travospublic_measure_5m_img.23628570.202505140635,84,,4810090,1,20250514,635,44,8,,,,,,54,12,,,,,,3,202505140635,37.5351670368223,138.881569,,,52,0,66,0,0,0,0,0,0,0,0,0,0,0,blue
t_travospublic_measure_5m_img.23628571.202505140635,84,,4810100,1,20250514,635,76,12,,,,,,53,8,,,,,,3,202505140635,37.473639036757405,138.880583,,,88,0,61,0,0,0,0,0,0,0,0,0,0,0,blue
t_travospublic_measure_5m_img.23628572.202505140635,84,,4810110,1,20250514,635,,,,,,,,,,,,,,,3,202505140635,37.459033036741936,138.856414,,,,,,,1,0,0,0,0,0,0,0,0,0,blue
t_travospublic_measure_5m_img.23628573.202505140635,84,,4810120,1,20250514,635,41,4,,,,,,59,8,,,,,,3,202505140635,37.462169036745266,138.845592,,,45,0,67,0,0,0,0,0,0,0,0,0,0,0,blue
t_travospublic_measure_5m_img.23628574.202505140635,84,,4810130,1,20250514,635,40,7,,,,,,34,0,,,,,,3,202505140635,37.44445303672647,138.785889,,,47,0,34,0,0,0,0,0,0,0,0,0,0,0,blue
t_travospublic_measure_5m_img.23628575.202505140635,84,,4810140,1,20250514,635,31,3,,,,,,44,5,,,,,,3,202505140635,37.44069403672249,138.740364,,,34,0,49,0,0,0,0,0,0,0,0,0,0,0,blue
t_travospublic_measure_5m_img.23628576.202505140635,84,,4810150,1,20250514,635,21,1,,,,,,8,4,,,,,,3,202505140635,37.41229403669227,138.674192,,,22,0,12,0,0,0,0,0,0,0,0,0,0,0,blue
t_travospublic_measure_5m_img.23628577.202505140635,84,,4810160,1,20250514,635,19,6,,,,,,27,3,,,,,,3,202505140635,37.23896903650589,138.343486,,,25,0,30,0,0,0,0,0,0,0,0,0,0,0,blue
t_travospublic_measure_5m_img.23628578.202505140635,84,,4810170,1,20250514,635,63,12,,,,,,27,9,,,,,,3,202505140635,37.18690003644924,138.272953,,,75,0,36,0,0,0,0,0,0,0,0,0,0,0,blue
t_travospublic_measure_5m_img.23628579.202505140635,84,,4810180,1,20250514,635,73,10,,,,,,32,6,,,,,,3,202505140635,37.17543303643671,138.266805,,,83,0,38,0,0,0,0,0,0,0,0,0,0,0,blue
t_travospublic_measure_5m_img.23628580.202505140635,84,,4810190,1,20250514,635,56,6,,,,,,31,7,,,,,,3,202505140635,37.1623530364224,138.247561,,,62,0,38,0,0,0,0,0,0,0,0,0,0,0,blue
t_travospublic_measure_5m_img.23628581.202505140635,84,,4810210,1,20250514,635,9,1,,,,,,29,8,,,,,,3,202505140635,37.08795603634071,137.96033,,,10,0,37,0,0,0,0,0,0,0,0,0,0,0,blue
t_travospublic_measure_5m_img.23628582.202505140635,84,,4810220,1,20250514,635,16,2,,,,,,19,2,,,,,,3,202505140635,37.057208036306754,137.905455,,,18,0,21,0,0,0,0,0,0,0,0,0,0,0,blue
t_travospublic_measure_5m_img.23628583.202505140635,84,,4810230,1,20250514,635,0,0,,,,,,29,5,,,,,,3,202505140635,37.050899036299775,137.885459,,,0,0,34,0,0,0,0,0,0,0,0,0,0,0,blue
t_travospublic_measure_5m_img.23628584.202505140635,84,,4810250,1,20250514,635,2,0,,,,,,10,0,,,,,,3,202505140635,37.05093203629982,137.890368,,,2,0,10,0,0,0,0,0,0,0,0,0,0,0,blue
t_travospublic_measure_5m_img.23628585.202505140635,84,,4810260,1,20250514,635,10,4,,,,,,12,5,,,,,,3,202505140635,36.9856190362273,138.808078,,,14,0,17,0,0,0,0,0,0,0,0,0,0,0,blue
t_travospublic_measure_5m_img.23628586.202505140635,84,,4810270,1,20250514,635,19,2,,,,,,26,1,,,,,,3,202505140635,37.24858103651632,138.916575,,,21,0,27,0,0,0,0,0,0,0,0,0,0,0,blue
t_travospublic_measure_5m_img.23628587.202505140635,84,,4810280,1,20250514,635,4,0,,,,,,4,1,,,,,,3,202505140635,37.17036103643117,138.942139,,,4,0,5,0,0,0,0,0,0,0,0,0,0,0,blue
t_travospublic_measure_5m_img.23628588.202505140635,84,,4810290,1,20250514,635,28,8,,,,,,46,6,,,,,,3,202505140635,37.07683703632844,138.265595,,,36,0,52,0,0,0,0,0,0,0,0,0,0,0,blue
t_travospublic_measure_5m_img.23628589.202505140635,84,,4810300,1,20250514,635,0,1,,,,,,2,1,,,,,,3,202505140635,37.66361103695634,139.536806,,,1,0,3,0,0,0,0,0,0,0,0,0,0,0,blue
t_travospublic_measure_5m_img.23628590.202505140635,84,,4810310,1,20250514,635,31,3,,,,,,49,2,,,,,,3,202505140635,37.84055603713779,139.147778,,,34,0,51,0,0,0,0,0,0,0,0,0,0,0,blue
t_travospublic_measure_5m_img.23628591.202505140635,84,,4810330,1,20250514,635,115,9,,,,,,123,9,,,,,,3,202505140635,37.8978060371957,139.070722,,,124,0,132,0,0,0,0,0,0,0,0,0,0,0,blue
t_travospublic_measure_5m_img.23628592.202505140635,84,,4810340,1,20250514,635,11,3,,,,,,3,0,,,,,,3,202505140635,37.563464036852,138.734306,,,14,0,3,0,0,0,0,0,0,0,0,0,0,0,blue
t_travospublic_measure_5m_img.23628593.202505140635,84,,4810350,1,20250514,635,24,6,,,,,,16,2,,,,,,3,202505140635,37.61757803690852,138.825033,,,30,0,18,0,0,0,0,0,0,0,0,0,0,0,blue
t_travospublic_measure_5m_img.23628594.202505140635,84,,4810360,1,20250514,635,38,11,,,,,,19,7,,,,,,3,202505140635,37.690358036984,138.885919,,,49,0,26,0,0,0,0,0,0,0,0,0,0,0,blue
t_travospublic_measure_5m_img.23628595.202505140635,84,,4810370,1,20250514,635,42,17,,,,,,53,2,,,,,,3,202505140635,37.8052690371019,138.92235,,,59,0,55,0,0,0,0,0,0,0,0,0,0,0,blue
t_travospublic_measure_5m_img.23628596.202505140635,84,,4810380,1,20250514,635,57,5,,,,,,125,9,,,,,,3,202505140635,37.86309703716064,138.981,,,62,0,134,0,0,0,0,0,0,0,0,0,0,0,blue
t_travospublic_measure_5m_img.23628597.202505140635,84,,4810395,1,20250514,635,17,8,,,,,,8,8,,,,,,3,202505140635,36.691540505894935,136.9116223,,,25,0,16,0,0,,,,0,0,,,0,0,blue
t_travospublic_measure_5m_img.23628598.202505140635,84,,4810406,1,20250514,635,30,2,,,,,,29,3,,,,,,3,202505140635,36.89660103612769,137.444677,,,32,0,32,0,0,,,,0,0,,,0,0,blue
t_travospublic_measure_5m_img.23628599.202505140635,84,,4810410,1,20250514,635,37,6,,,,,,58,2,,,,,,3,202505140635,36.816442036037266,137.41630300000003,,,43,0,60,0,0,0,0,0,0,0,0,0,0,0,blue
t_travospublic_measure_5m_img.23628600.202505140635,84,,4810420,1,20250514,635,,,,,,,,,,,,,,,3,202505140635,36.718606035925916,137.303914,,,,,,,0,0,0,0,0,1,1,0,0,0,blue
t_travospublic_measure_5m_img.23628601.202505140635,84,,4810430,1,20250514,635,65,9,,,,,,93,12,,,,,,3,202505140635,36.71795303592518,137.279328,,,74,0,105,0,0,0,0,0,0,0,0,0,0,0,blue
t_travospublic_measure_5m_img.23628602.202505140635,84,,4810440,1,20250514,635,85,9,,,,,,81,13,,,,,,3,202505140635,36.72027203592783,137.263083,,,94,0,94,0,0,0,0,0,0,0,0,0,0,0,blue
t_travospublic_measure_5m_img.23628603.202505140635,84,,4810445,1,20250514,635,125,18,,,,,,89,17,,,,,,3,202505140635,36.73017862593915,137.18171158,,,143,0,106,0,0,,,,0,0,,,0,0,blue
t_travospublic_measure_5m_img.23628604.202505140635,84,,4810447,1,20250514,635,68,3,,,,,,60,10,,,,,,3,202505140635,36.72863947593739,137.12486156,,,71,0,70,0,0,,,,0,0,,,0,0,blue
t_travospublic_measure_5m_img.23628605.202505140635,84,,4810454,1,20250514,635,55,3,,,,,,37,3,,,,,,3,202505140635,36.744673195955684,136.99179584,,,58,0,40,0,0,,,,0,0,,,0,0,blue
t_travospublic_measure_5m_img.23628606.202505140635,84,,4810460,1,20250514,635,,,,,,,,,,,,,,,3,202505140635,36.68745003589023,136.855675,,,,,,,1,0,0,0,0,1,1,0,0,0,blue
t_travospublic_measure_5m_img.23628607.202505140635,84,,4810462,1,20250514,635,,,,,,,,,,,,,,,3,202505140635,36.525710035703334,137.22999,,,,,,,0,,,,0,1,,,0,0,blue
t_travospublic_measure_5m_img.23628608.202505140635,84,,4810463,1,20250514,635,16,1,,,,,,13,4,,,,,,3,202505140635,36.53609652571542,137.23114399,,,17,0,17,0,0,,,,0,0,,,0,0,blue
t_travospublic_measure_5m_img.23628609.202505140635,84,,4810470,1,20250514,635,,,,,,,,,,,,,,,3,202505140635,36.69575603589977,137.237889,,,,,,,1,0,0,0,0,0,0,0,0,0,blue
t_travospublic_measure_5m_img.23628610.202505140635,84,,4810480,1,20250514,635,13,0,,,,,,10,0,,,,,,3,202505140635,36.580522035767004,136.965706,,,13,0,10,0,0,0,0,0,0,0,0,0,0,0,blue
t_travospublic_measure_5m_img.23628611.202505140635,84,,4810485,1,20250514,635,21,0,,,,,,19,0,,,,,,3,202505140635,36.68510836918755,136.9765361111,,,21,0,19,0,0,,,,0,0,,,0,0,blue
t_travospublic_measure_5m_img.23628612.202505140635,84,,4810490,1,20250514,635,7,1,,,,,,15,0,,,,,,3,202505140635,36.74530803595641,137.01085,,,8,0,15,0,0,0,0,0,0,0,0,0,0,0,blue
t_travospublic_measure_5m_img.23628613.202505140635,84,,4810500,1,20250514,635,,,,,,,,,,,,,,,3,202505140635,36.91246103614551,137.019489,,,,,,,0,0,0,0,0,1,1,0,0,0,blue
t_travospublic_measure_5m_img.23628614.202505140635,84,,4810510,1,20250514,635,,,,,,,,,,,,,,,3,202505140635,36.84943603607457,136.97895,,,,,,,1,,,,,,,,,,blue
t_travospublic_measure_5m_img.23628615.202505140635,84,,4810530,1,20250514,635,92,10,,,,,,62,15,,,,,,3,202505140635,36.44611103561032,136.488056,,,102,0,77,0,0,0,0,0,0,0,0,0,0,0,blue
t_travospublic_measure_5m_img.23628616.202505140635,84,,4810540,1,20250514,635,,,,,,,,,,,,,,,3,202505140635,36.357575035506066,136.452056,,,,,,,1,,,,,,,,,,blue
t_travospublic_measure_5m_img.23628617.202505140635,84,,4810550,1,20250514,635,25,9,,,,,,27,2,,,,,,3,202505140635,36.32672203546954,136.41169500000004,,,34,0,29,0,0,0,0,0,0,0,0,0,0,0,blue
t_travospublic_measure_5m_img.23628618.202505140635,84,,4810570,1,20250514,635,23,2,,,,,,25,3,,,,,,3,202505140635,36.571667035756725,136.655556,,,25,0,28,0,0,0,0,0,0,0,0,0,0,0,blue
t_travospublic_measure_5m_img.23628619.202505140635,84,,4810580,1,20250514,635,32,1,,,,,,33,0,,,,,,3,202505140635,36.54430803572498,136.640516,,,33,0,33,0,0,0,0,0,0,0,0,0,0,0,blue
t_travospublic_measure_5m_img.23628620.202505140635,84,,4810590,1,20250514,635,48,2,,,,,,53,0,,,,,,3,202505140635,36.54061903572069,136.623128,,,50,0,53,0,0,0,0,0,0,0,0,0,0,0,blue
t_travospublic_measure_5m_img.23628621.202505140635,84,,4810600,1,20250514,635,,,,,,,,,,,,,,,3,202505140635,37.04041903628817,136.969305,,,,,,,1,0,0,0,0,0,0,0,0,0,blue
t_travospublic_measure_5m_img.23628622.202505140635,84,,4810610,1,20250514,635,0,0,,,,,,28,5,,,,,,3,202505140635,36.90469303613679,136.830093,,,0,0,33,0,0,0,0,0,0,0,0,0,0,0,blue
t_travospublic_measure_5m_img.23628623.202505140635,84,,4810620,1,20250514,635,10,1,,,,,,6,0,,,,,,3,202505140635,36.86972803609746,136.79694700000002,,,11,0,6,0,0,0,0,0,0,0,0,0,0,0,blue
t_travospublic_measure_5m_img.23628624.202505140635,84,,4810630,1,20250514,635,16,0,,,,,,14,0,,,,,,3,202505140635,36.560782035744104,136.677711,,,16,0,14,0,0,0,0,0,0,0,0,0,0,0,blue
t_travospublic_measure_5m_img.23628625.202505140635,85,22,5810040,1,20250514,635,151,20,,,,,,135,24,,,,,,3,202505140635,35.00879903381941,138.422745,,,171,,159,,0,,0,,0,0,0,0,,0,blue
t_travospublic_measure_5m_img.23628626.202505140635,85,22,5810060,1,20250514,635,7,3,,,,,,22,13,,,,,,3,202505140635,34.90554603368308,138.270337,,,10,,35,,0,,0,,0,0,0,0,,0,blue
t_travospublic_measure_5m_img.23628627.202505140635,85,22,5810080,1,20250514,635,24,18,,,,,,5,1,,,,,,3,202505140635,34.84454203360207,138.151981,,,42,,6,,0,,0,,0,0,0,0,,0,blue
t_travospublic_measure_5m_img.23628628.202505140635,85,22,5810090,1,20250514,635,42,21,,,,,,41,18,,,,,,3,202505140635,34.78638703352455,138.050184,,,63,,59,,0,,0,,0,0,0,0,,0,blue
t_travospublic_measure_5m_img.23628629.202505140635,85,22,5810100,1,20250514,635,0,0,,,,,,167,38,,,,,,3,202505140635,34.77075503350366,137.978062,,,0,,205,,0,,0,,0,0,0,0,,0,blue
t_travospublic_measure_5m_img.23628630.202505140635,85,22,5810110,1,20250514,635,23,13,,,,,,107,37,,,,,,3,202505140635,34.76273603349293,137.969553,,,36,,144,,0,,0,,0,0,0,0,,0,blue
t_travospublic_measure_5m_img.23628631.202505140635,85,23,5810190,1,20250514,635,,,,,,,,,,,,,,,3,202505140635,35.11388803395716,136.734972,,,,,,,1,,0,,0,0,0,0,,0,blue
t_travospublic_measure_5m_img.23628632.202505140635,85,24,5810210,1,20250514,635,22,15,,,,,,25,34,,,,,,3,202505140635,34.86311003362677,136.47097,,,37,,59,,0,,0,,0,0,0,0,,0,blue
t_travospublic_measure_5m_img.23628633.202505140635,85,21,5810280,1,20250514,635,65,5,,,,,,46,5,,,,,,3,202505140635,35.365972034283374,137.22477800000001,,,70,,51,,0,,0,,0,0,0,0,,0,blue
t_travospublic_measure_5m_img.23628634.202505140635,85,21,5810340,1,20250514,635,36,0,,,,,,37,11,,,,,,3,202505140635,35.45966703440309,137.442028,,,36,,48,,0,,0,,0,0,0,0,,0,blue
t_travospublic_measure_5m_img.23628635.202505140635,85,21,5810350,1,20250514,635,17,7,,,,,,47,4,,,,,,3,202505140635,35.51200003446958,137.521639,,,24,,51,,0,,0,,0,0,0,0,,0,blue
t_travospublic_measure_5m_img.23628636.202505140635,85,21,5810360,1,20250514,635,7,6,,,,,,10,5,,,,,,3,202505140635,35.581250034557165,137.537222,,,13,,15,,0,,0,,0,0,0,0,,0,blue
t_travospublic_measure_5m_img.23628637.202505140635,85,21,5810370,1,20250514,635,9,2,,,,,,11,3,,,,,,3,202505140635,35.81618803485076,137.683244,,,11,,14,,0,,0,,0,0,0,0,,0,blue
t_travospublic_measure_5m_img.23628638.202505140635,85,21,5810380,1,20250514,635,11,6,,,,,,3,7,,,,,,3,202505140635,35.91502403497266,137.77069,,,17,,10,,0,,0,,0,0,0,0,,0,blue
t_travospublic_measure_5m_img.23628639.202505140635,85,21,5810390,1,20250514,635,13,5,,,,,,8,2,,,,,,3,202505140635,35.93471103499681,137.786917,,,18,,10,,0,,0,,0,0,0,0,,0,blue
t_travospublic_measure_5m_img.23628640.202505140635,85,21,5810420,1,20250514,635,23,5,,,,,,34,7,,,,,,3,202505140635,35.37572803429589,137.190676,,,28,,41,,0,,0,,0,0,0,0,,0,blue
t_travospublic_measure_5m_img.23628641.202505140635,85,21,5810440,1,20250514,635,19,11,,,,,,20,2,,,,,,3,202505140635,35.426917034361345,137.132361,,,30,,22,,0,,0,,0,0,0,0,,0,blue
t_travospublic_measure_5m_img.23628642.202505140635,85,21,5810490,1,20250514,635,,,,,,,,,,,,,,,3,202505140635,35.371615034290606,136.644153,,,,,,,1,,0,,0,0,0,0,,0,blue
t_travospublic_measure_5m_img.23628643.202505140635,85,21,5810500,1,20250514,635,,,,,,,,,,,,,,,3,202505140635,35.365209034282394,136.485668,,,,,,,1,,0,,0,0,0,0,,0,blue
t_travospublic_measure_5m_img.23628644.202505140635,85,21,5810510,1,20250514,635,3,2,,,,,,7,2,,,,,,3,202505140635,35.37112003428997,136.453326,,,5,,9,,0,,0,,0,0,0,0,,0,blue
t_travospublic_measure_5m_img.23628645.202505140635,85,23,5810530,1,20250514,635,62,27,,,,,,37,9,,,,,,3,202505140635,34.696128033403625,137.40686,,,89,,46,,0,,0,,0,0,0,0,,0,blue
t_travospublic_measure_5m_img.23628646.202505140635,85,23,5810570,1,20250514,635,68,24,,,,,,44,22,,,,,,3,202505140635,34.84938803360853,137.221222,,,92,,66,,0,,0,,0,0,0,0,,0,blue
t_travospublic_measure_5m_img.23628647.202505140635,85,23,5810580,1,20250514,635,45,24,,,,,,72,23,,,,,,3,202505140635,34.84869403360759,137.197416,,,69,,95,,0,,0,,0,0,0,0,,0,blue
t_travospublic_measure_5m_img.23628648.202505140635,85,23,5810620,1,20250514,635,112,63,,,,,,75,28,,,,,,3,202505140635,35.10119403394058,136.86925,,,175,,103,,0,,0,,0,0,0,0,,0,blue
t_travospublic_measure_5m_img.23628649.202505140635,85,24,5810670,1,20250514,635,,,,,,,,,,,,,,,3,202505140635,34.65002003334157,136.51956,,,,,,,1,,0,,0,0,0,0,,0,blue
t_travospublic_measure_5m_img.23628650.202505140635,85,24,5810680,1,20250514,635,63,19,,,,,,52,9,,,,,,3,202505140635,34.71907003343443,136.4716,,,82,,61,,0,,0,,0,0,0,0,,0,blue
t_travospublic_measure_5m_img.23628651.202505140635,85,24,5810690,1,20250514,635,67,19,,,,,,52,18,,,,,,3,202505140635,34.64712003333765,136.49449,,,86,,70,,0,,0,,0,0,0,0,,0,blue
t_travospublic_measure_5m_img.23628652.202505140635,85,24,5810700,1,20250514,635,43,27,,,,,,33,50,,,,,,3,202505140635,34.850220033609624,136.416645,,,70,,83,,0,,0,,0,0,0,0,,0,blue
t_travospublic_measure_5m_img.23628653.202505140635,85,24,5810730,1,20250514,635,,,,,,,,,,,,,,,3,202505140635,34.62822503331218,135.986212,,,,,,,1,,0,,0,0,0,0,,0,blue
t_travospublic_measure_5m_img.23628654.202505140635,85,21,5810760,1,20250514,635,,,,,,,,,,,,,,,3,202505140635,35.55276203452119,137.177488,,,,,,,1,,0,,0,0,0,0,,0,blue
t_travospublic_measure_5m_img.23628655.202505140635,85,21,5810770,1,20250514,635,8,0,,,,,,6,4,,,,,,3,202505140635,35.64602003463866,137.169715,,,8,,10,,0,,0,,0,0,0,0,,0,blue
t_travospublic_measure_5m_img.23628656.202505140635,85,21,5810780,1,20250514,635,,,,,,,,,,,,,,,3,202505140635,35.667031034665,137.162564,,,,,,,1,,0,,0,0,0,0,,0,blue
t_travospublic_measure_5m_img.23628657.202505140635,85,21,5810790,1,20250514,635,10,2,,,,,,5,6,,,,,,3,202505140635,35.74291003475978,137.208481,,,12,,11,,0,,0,,0,0,0,0,,0,blue
t_travospublic_measure_5m_img.23628658.202505140635,85,21,5810800,1,20250514,635,4,2,,,,,,11,0,,,,,,3,202505140635,35.77947703480525,137.252586,,,6,,11,,0,,0,,0,0,0,0,,0,blue
t_travospublic_measure_5m_img.23628659.202505140635,85,21,5810810,1,20250514,635,14,4,,,,,,6,3,,,,,,3,202505140635,35.83471903487371,137.232014,,,18,,9,,0,,0,,0,0,0,0,,0,blue
t_travospublic_measure_5m_img.23628660.202505140635,85,21,5810830,1,20250514,635,6,0,,,,,,9,2,,,,,,3,202505140635,36.02357503510535,137.294767,,,6,,11,,0,,0,,0,0,0,0,,0,blue
t_travospublic_measure_5m_img.23628661.202505140635,85,21,5810840,1,20250514,635,18,1,,,,,,24,7,,,,,,3,202505140635,36.10871303520861,137.266233,,,19,,31,,0,,0,,0,0,0,0,,0,blue
t_travospublic_measure_5m_img.23628662.202505140635,85,21,5810850,1,20250514,635,14,5,,,,,,23,5,,,,,,3,202505140635,36.12373303522673,137.258932,,,19,,28,,0,,0,,0,0,0,0,,0,blue
t_travospublic_measure_5m_img.23628663.202505140635,85,21,5810860,1,20250514,635,5,2,,,,,,2,1,,,,,,3,202505140635,36.25072803537914,137.162845,,,7,,3,,0,,0,,0,0,0,0,,0,blue
t_travospublic_measure_5m_img.23628664.202505140635,85,21,5810880,1,20250514,635,0,2,,,,,,5,3,,,,,,3,202505140635,36.31423303545473,137.259675,,,2,,8,,0,,0,,0,0,0,0,,0,blue
t_travospublic_measure_5m_img.23628665.202505140635,85,24,5810890,1,20250514,635,22,0,,,,,,10,4,,,,,,3,202505140635,34.407524733012174,136.4423714,,,22,,14,,0,,0,,0,0,0,0,,0,blue
t_travospublic_measure_5m_img.23628666.202505140635,85,24,5810900,1,20250514,635,5,1,,,,,,6,0,,,,,,3,202505140635,34.1617406326732,136.2779067,,,6,,6,,0,,0,,0,0,0,0,,0,blue
t_travospublic_measure_5m_img.23628667.202505140635,85,24,5810930,1,20250514,635,2,0,,,,,,0,1,,,,,,3,202505140635,33.98629813242818,136.1080803,,,2,,1,,0,,0,,0,0,0,0,,0,blue
t_travospublic_measure_5m_img.23628668.202505140635,85,24,5810940,1,20250514,635,1,1,,,,,,3,1,,,,,,3,202505140635,33.93298113235323,136.0940822,,,2,,4,,0,,0,,0,0,0,0,,0,blue
t_travospublic_measure_5m_img.23628669.202505140635,85,24,5810960,1,20250514,635,7,1,,,,,,7,3,,,,,,3,202505140635,34.00152563244955,136.1851117,,,8,,10,,0,,0,,0,0,0,0,,0,blue
t_travospublic_measure_5m_img.23628670.202505140635,85,24,5810970,1,20250514,635,16,4,,,,,,2,0,,,,,,3,202505140635,33.942137832366114,136.1524581,,,20,,2,,0,,0,,0,0,0,0,,0,blue
t_travospublic_measure_5m_img.23628671.202505140635,85,24,5810980,1,20250514,635,26,5,,,,,,8,1,,,,,,3,202505140635,33.92889863234747,136.1381858,,,31,,9,,0,,0,,0,0,0,0,,0,blue
t_travospublic_measure_5m_img.23628672.202505140635,85,24,5810990,1,20250514,635,12,1,,,,,,4,0,,,,,,3,202505140635,33.74057583208088,135.9955167,,,13,,4,,0,,0,,0,0,0,0,,0,blue
t_travospublic_measure_5m_img.23628673.202505140635,85,24,5811000,1,20250514,635,21,8,,,,,,10,6,,,,,,1,202505140635,34.10420863259313,136.1948133,,,29,,16,,0,,0,,0,0,0,0,,0,blue
t_travospublic_measure_5m_img.23628674.202505140635,85,22,5811050,1,20250514,635,11,8,,,,,,14,2,,,,,,3,202505140635,35.37095103428976,138.860418,,,19,,16,,0,,0,,0,0,0,0,,0,blue
t_travospublic_measure_5m_img.23628675.202505140635,85,23,5811110,1,20250514,635,9,4,,,,,,10,0,,,,,,3,202505140635,35.135027033984734,137.309194,,,13,,10,,0,,0,,0,0,0,0,,0,blue
t_travospublic_measure_5m_img.23628676.202505140635,85,23,5811120,1,20250514,635,12,1,,,,,,12,0,,,,,,3,202505140635,35.149777034003954,137.332722,,,13,,12,,0,,0,,0,0,0,0,,0,blue
t_travospublic_measure_5m_img.23628677.202505140635,85,23,5811130,1,20250514,635,3,3,,,,,,8,2,,,,,,3,202505140635,35.1700830340304,137.406805,,,6,,10,,0,,0,,0,0,0,0,,0,blue
t_travospublic_measure_5m_img.23628678.202505140635,85,23,5811140,1,20250514,635,6,1,,,,,,8,3,,,,,,3,202505140635,35.221388034097004,137.524166,,,7,,11,,0,,0,,0,0,0,0,,0,blue
t_travospublic_measure_5m_img.23628679.202505140635,85,21,5811150,1,20250514,635,25,4,,,,,,4,3,,,,,,3,202505140635,35.46219703440631,137.756093,,,29,,7,,0,,0,,0,0,0,0,,0,blue
t_travospublic_measure_5m_img.23628680.202505140635,85,21,5811160,1,20250514,635,8,3,,,,,,19,4,,,,,,3,202505140635,35.50206103445697,137.792544,,,11,,23,,0,,0,,0,0,0,0,,0,blue
t_travospublic_measure_5m_img.23628681.202505140635,85,23,5811170,1,20250514,635,13,5,,,,,,8,3,,,,,,3,202505140635,35.21055503408296,137.106666,,,18,,11,,0,,0,,0,0,0,0,,0,blue
t_travospublic_measure_5m_img.23628682.202505140635,85,21,5811190,1,20250514,635,17,2,,,,,,19,2,,,,,,3,202505140635,35.601941034583234,136.937212,,,19,,21,,0,,0,,0,0,0,0,,0,blue
t_travospublic_measure_5m_img.23628683.202505140635,85,21,5811210,1,20250514,635,12,1,,,,,,12,4,,,,,,3,202505140635,35.86111303490629,136.863612,,,13,,16,,0,,0,,0,0,0,0,,0,blue
t_travospublic_measure_5m_img.23628684.202505140635,85,21,5811230,1,20250514,635,3,4,,,,,,12,7,,,,,,3,202505140635,36.13868903524477,137.164639,,,7,,19,,0,,0,,0,0,0,0,,0,blue
t_travospublic_measure_5m_img.23628685.202505140635,85,21,5811240,1,20250514,635,7,6,,,,,,10,3,,,,,,3,202505140635,36.16135703527206,137.222749,,,13,,13,,0,,0,,0,0,0,0,,0,blue
t_travospublic_measure_5m_img.23628686.202505140635,85,22,5811250,1,20250514,635,17,5,,,,,,21,16,,,,,,3,202505140635,35.312573034214765,138.927446,,,22,,37,,0,,0,,0,0,0,0,,0,blue
t_travospublic_measure_5m_img.23628687.202505140635,85,21,5811270,1,20250514,635,19,11,,,,,,15,9,,,,,,3,202505140635,35.23023303410846,136.596679,,,30,,24,,0,,0,,0,0,0,0,,0,blue
t_travospublic_measure_5m_img.23628688.202505140635,85,23,5811320,1,20250514,635,,,,,,,,,,,,,,,3,202505140635,35.09388803393102,136.812222,,,,,,,1,,0,,0,0,0,0,,0,blue
t_travospublic_measure_5m_img.23628689.202505140635,85,21,5811330,1,20250514,635,15,3,,,,,,3,0,,,,,,3,202505140635,35.46731303441282,137.78409,,,18,,3,,0,,0,,0,0,0,0,,0,blue
t_travospublic_measure_5m_img.23628690.202505140635,86,,6810010,1,20250514,635,,,,,,,,,,,,,,,3,202505140635,34.89694403367168,136.336111,,,,,,,1,,0,,0,0,0,0,,0,blue
t_travospublic_measure_5m_img.23628691.202505140635,86,,6810020,1,20250514,635,,,,,,,,,,,,,,,3,202505140635,34.97777803377855,135.901667,,,,,,,1,,0,,0,0,0,0,,0,blue
t_travospublic_measure_5m_img.23628692.202505140635,86,,6810030,1,20250514,635,,,,,,,,,,,,,,,3,202505140635,35.00527803381478,136.094722,,,,,,,1,,0,,0,0,0,0,,0,blue
t_travospublic_measure_5m_img.23628693.202505140635,86,,6810040,1,20250514,635,,,,,,,,,,,,,,,3,202505140635,34.98861103379282,135.788056,,,,,,,1,,0,,0,0,0,0,,0,blue
t_travospublic_measure_5m_img.23628694.202505140635,86,,6810050,1,20250514,635,,,,,,,,,,,,,,,3,202505140635,34.987222033791,135.75305600000002,,,,,,,1,,0,,0,0,0,0,,0,blue
t_travospublic_measure_5m_img.23628695.202505140635,86,,6810089,1,20250514,635,,,,,,,,,,,,,,,3,202505140635,34.978118033779,135.908546,,,,,,,1,,0,,0,0,0,0,,0,blue
t_travospublic_measure_5m_img.23628696.202505140635,86,,6810090,1,20250514,635,,,,,,,,,,,,,,,3,202505140635,34.83138903358458,135.72305600000004,,,,,,,1,,0,,0,0,0,0,,0,blue
t_travospublic_measure_5m_img.23628697.202505140635,86,,6810100,1,20250514,635,,,,,,,,,,,,,,,3,202505140635,34.83138903358458,135.723889,,,,,,,1,,0,,0,0,0,0,,0,blue
t_travospublic_measure_5m_img.23628698.202505140635,86,,6810130,1,20250514,635,,,,,,,,,,,,,,,3,202505140635,34.842500033599364,134.330556,,,,,,,1,,0,,0,0,0,0,,0,blue
t_travospublic_measure_5m_img.23628699.202505140635,86,,6810135,1,20250514,635,18,9,,,,,,12,9,,,,,,3,202505140635,36.18333336529846,136.26777780000003,,,27,,21,,0,,0,,0,0,0,0,,0,blue
t_travospublic_measure_5m_img.23628700.202505140635,86,,6810140,1,20250514,635,41,13,,,,,,44,20,,,,,,3,202505140635,36.14305603525003,136.263889,,,54,,64,,0,,0,,0,0,0,0,,0,blue
t_travospublic_measure_5m_img.23628701.202505140635,86,,6810150,1,20250514,635,,,,,,,,,,,,,,,3,202505140635,36.0772220351705,136.244444,,,,,,,1,,0,,0,0,0,0,,0,blue
t_travospublic_measure_5m_img.23628702.202505140635,86,,6810160,1,20250514,635,,,,,,,,,,,,,,,3,202505140635,36.02444403510641,136.218333,,,,,,,1,,0,,0,0,0,0,,0,blue
t_travospublic_measure_5m_img.23628703.202505140635,86,,6810165,1,20250514,635,62,12,,,,,,74,5,,,,,,3,202505140635,35.980555595052905,136.1958333,,,74,,79,,0,,0,,0,0,0,0,,0,blue
t_travospublic_measure_5m_img.23628704.202505140635,86,,6810170,1,20250514,635,,,,,,,,,,,,,,,3,202505140635,35.95555603502233,136.188889,,,,,,,1,,0,,0,0,0,0,,0,blue
t_travospublic_measure_5m_img.23628705.202505140635,86,,6810180,1,20250514,635,19,12,,,,,,19,3,,,,,,3,202505140635,35.878333034927515,136.169444,,,31,,22,,0,,0,,0,0,0,0,,0,blue
t_travospublic_measure_5m_img.23628706.202505140635,86,,6810190,1,20250514,635,,,,,,,,,,,,,,,3,202505140635,35.719444034730536,136.094722,,,,,,,1,,0,,0,0,0,0,,0,blue
t_travospublic_measure_5m_img.23628707.202505140635,86,,6810200,1,20250514,635,10,2,,,,,,4,4,,,,,,3,202505140635,35.66555603466316,136.083056,,,12,,8,,0,,0,,0,0,0,0,,0,blue
t_travospublic_measure_5m_img.23628708.202505140635,86,,6810220,1,20250514,635,8,4,,,,,,2,5,,,,,,3,202505140635,35.60416703458605,136.107222,,,12,,7,,0,,0,,0,0,0,0,,0,blue
t_travospublic_measure_5m_img.23628709.202505140635,86,,6810230,1,20250514,635,,,,,,,,,,,,,,,3,202505140635,35.57603003455058,136.122756,,,,,,,1,,0,,0,0,0,0,,0,blue
t_travospublic_measure_5m_img.23628710.202505140635,86,,6810240,1,20250514,635,,,,,,,,,,,,,,,3,202505140635,35.512778034470564,136.173333,,,,,,,1,,0,,0,0,0,0,,0,blue
t_travospublic_measure_5m_img.23628711.202505140635,86,,6810241,1,20250514,635,,,,,,,,,,,,,,,3,202505140635,35.4322160343681,136.245092,,,,,,,1,,0,,0,0,0,0,,0,blue
t_travospublic_measure_5m_img.23628712.202505140635,86,,6810250,1,20250514,635,,,,,,,,,,,,,,,3,202505140635,35.27555603416706,136.269444,,,,,,,1,,0,,0,0,0,0,,0,blue
t_travospublic_measure_5m_img.23628713.202505140635,86,,6810260,1,20250514,635,,,,,,,,,,,,,,,3,202505140635,35.11611103396005,136.128333,,,,,,,1,,0,,0,0,0,0,,0,blue
t_travospublic_measure_5m_img.23628714.202505140635,86,,6810270,1,20250514,635,,,,,,,,,,,,,,,3,202505140635,35.091944033928485,136.089722,,,,,,,1,,0,,0,0,0,0,,0,blue
t_travospublic_measure_5m_img.23628715.202505140635,86,,6810280,1,20250514,635,,,,,,,,,,,,,,,3,202505140635,35.66000003465618,136.084722,,,,,,,1,,0,,0,0,0,0,,0,blue
t_travospublic_measure_5m_img.23628716.202505140635,86,,6810290,1,20250514,635,,,,,,,,,,,,,,,3,202505140635,34.996111033802705,135.722222,,,,,,,1,,0,,0,0,0,0,,0,blue
t_travospublic_measure_5m_img.23628717.202505140635,86,,6810300,1,20250514,635,0,0,,,,,,2,0,,,,,,3,202505140635,34.981944033784046,135.693056,,,0,,2,,0,,0,,0,0,0,0,,0,blue
t_travospublic_measure_5m_img.23628718.202505140635,86,,6810310,1,20250514,635,55,13,,,,,,0,0,,,,,,3,202505140635,34.981944033784046,135.692917,,,68,,0,,0,,0,,0,0,0,0,,0,blue
t_travospublic_measure_5m_img.23628719.202505140635,86,,6810320,1,20250514,635,,,,,,,,,,,,,,,3,202505140635,34.992500033797945,135.64750000000004,,,,,,,1,,0,,0,0,0,0,,0,blue
t_travospublic_measure_5m_img.23628720.202505140635,86,,6810330,1,20250514,635,46,10,,,,,,7,4,,,,,,3,202505140635,34.989722033794294,135.636667,,,56,,11,,0,,0,,0,0,0,0,,0,blue
t_travospublic_measure_5m_img.23628721.202505140635,86,,6810340,1,20250514,635,1,0,,,,,,1,1,,,,,,3,202505140635,35.12222203396803,135.439444,,,1,,2,,0,,0,,0,0,0,0,,0,blue
t_travospublic_measure_5m_img.23628722.202505140635,86,,6810343,1,20250514,635,,,,,,,,,,,,,,,3,202505140635,35.18777781405339,135.3219444,,,,,,,1,,0,,0,0,0,0,,0,blue
t_travospublic_measure_5m_img.23628723.202505140635,86,,6810344,1,20250514,635,11,8,,,,,,17,8,,,,,,3,202505140635,35.24583336412865,135.2161111,,,19,,25,,0,,0,,0,0,0,0,,0,blue
t_travospublic_measure_5m_img.23628724.202505140635,86,,6810346,1,20250514,635,22,1,,,,,,14,11,,,,,,3,202505140635,35.28305559417674,135.1777778,,,23,,25,,0,,0,,0,0,0,0,,0,blue
t_travospublic_measure_5m_img.23628725.202505140635,86,,6810348,1,20250514,635,21,8,,,,,,12,8,,,,,,3,202505140635,35.3139820342166,135.101491,,,29,,20,,0,,0,,0,0,0,0,,0,blue
t_travospublic_measure_5m_img.23628726.202505140635,86,,6810360,1,20250514,635,0,0,,,,,,0,0,,,,,,3,202505140635,35.333611034241834,134.917222,,,0,,0,,0,,0,,0,0,0,0,,0,blue
t_travospublic_measure_5m_img.23628727.202505140635,86,,6810370,1,20250514,635,9,6,,,,,,9,1,,,,,,3,202505140635,35.38305603430526,134.671667,,,15,,10,,0,,0,,0,0,0,0,,0,blue
t_travospublic_measure_5m_img.23628728.202505140635,86,,6810390,1,20250514,635,9,3,,,,,,7,1,,,,,,3,202505140635,35.48083303443001,134.585278,,,12,,8,,0,,0,,0,0,0,0,,0,blue
t_travospublic_measure_5m_img.23628729.202505140635,86,,6810400,1,20250514,635,7,1,,,,,,5,2,,,,,,3,202505140635,35.50388903445929,134.533889,,,8,,7,,0,,0,,0,0,0,0,,0,blue
t_travospublic_measure_5m_img.23628730.202505140635,86,,6810410,1,20250514,635,2,1,,,,,,0,2,,,,,,3,202505140635,35.5247220344857,134.4275,,,3,,2,,0,,0,,0,0,0,0,,0,blue
t_travospublic_measure_5m_img.23628731.202505140635,86,,6810420,1,20250514,635,,,,,,,,,,,,,,,3,202505140635,35.33111103423862,136.352222,,,,,,,1,,0,,0,0,0,0,,0,blue
t_travospublic_measure_5m_img.23628732.202505140635,86,,6810450,1,20250514,635,11,1,,,,,,6,1,,,,,,3,202505140635,34.229683032767404,135.169164,,,12,,7,,0,,0,,0,0,0,0,,0,blue
t_travospublic_measure_5m_img.23628733.202505140635,86,,6810500,1,20250514,635,,,,,,,,,,,,,,,3,202505140635,34.58000003324698,135.466581,,,,,,,1,,0,,0,0,0,0,,0,blue
t_travospublic_measure_5m_img.23628734.202505140635,86,,6810510,1,20250514,635,,,,,,,,,,,,,,,3,202505140635,34.5797220332466,135.466581,,,,,,,1,,0,,0,0,0,0,,0,blue
t_travospublic_measure_5m_img.23628735.202505140635,86,,6810540,1,20250514,635,,,,,,,,,,,,,,,3,202505140635,34.36000003294702,135.269444,,,,,,,1,,0,,0,0,0,0,,0,blue
t_travospublic_measure_5m_img.23628736.202505140635,86,,6810550,1,20250514,635,0,0,,,,,,72,8,,,,,,3,202505140635,34.32270003289575,135.19756,,,0,,80,,0,,0,,0,0,0,0,,0,blue
t_travospublic_measure_5m_img.23628737.202505140635,86,,6810560,1,20250514,635,,,,,,,,,,,,,,,3,202505140635,34.24805603279281,135.175,,,,,,,1,,0,,0,0,0,0,,0,blue
t_travospublic_measure_5m_img.23628738.202505140635,86,,6810580,1,20250514,635,23,2,,,,,,30,3,,,,,,3,202505140635,35.633611034623065,136.021389,,,25,,33,,0,,0,,0,0,0,0,,0,blue
t_travospublic_measure_5m_img.23628739.202505140635,86,,6810590,1,20250514,635,,,,,,,,,,,,,,,3,202505140635,35.58083303455663,135.910417,,,,,,,1,,0,,0,0,0,0,,0,blue
t_travospublic_measure_5m_img.23628740.202505140635,86,,6810610,1,20250514,635,,,,,,,,,,,,,,,3,202505140635,35.469444034415524,135.825,,,,,,,1,,0,,0,0,0,0,,0,blue
t_travospublic_measure_5m_img.23628741.202505140635,86,,6810620,1,20250514,635,34,2,,,,,,0,0,,,,,,3,202505140635,35.483056034432835,135.666111,,,36,,0,,0,,0,,0,0,0,0,,0,blue
t_travospublic_measure_5m_img.23628742.202505140635,86,,6810630,1,20250514,635,,,,,,,,,,,,,,,3,202505140635,35.48805603443919,135.595833,,,,,,,1,,0,,0,0,0,0,,0,blue
t_travospublic_measure_5m_img.23628743.202505140635,86,,6810660,1,20250514,635,33,4,,,,,,15,0,,,,,,3,202505140635,35.48083303443001,135.421389,,,37,,15,,0,,0,,0,0,0,0,,0,blue
t_travospublic_measure_5m_img.23628744.202505140635,86,,6810667,1,20250514,635,34,5,,,,,,19,2,,,,,,3,202505140635,35.46027781440387,135.3566667,,,39,,21,,0,,0,,0,0,0,0,,0,blue
t_travospublic_measure_5m_img.23628745.202505140635,86,,6810670,1,20250514,635,14,3,,,,,,28,5,,,,,,3,202505140635,35.414167034345056,135.333056,,,17,,33,,0,,0,,0,0,0,0,,0,blue
t_travospublic_measure_5m_img.23628746.202505140635,86,,6810671,1,20250514,635,10,5,,,,,,22,5,,,,,,3,202505140635,35.37888892429992,135.3169444,,,15,,27,,0,,0,,0,0,0,0,,0,blue
t_travospublic_measure_5m_img.23628747.202505140635,86,,6810700,1,20250514,635,25,5,,,,,,12,4,,,,,,3,202505140635,34.47239203310078,134.945572,,,30,,16,,0,,0,,0,0,0,0,,0,blue
t_travospublic_measure_5m_img.23628748.202505140635,86,,6810710,1,20250514,635,0,0,,,,,,9,3,,,,,,3,202505140635,34.40363603300684,134.896767,,,0,,12,,0,,0,,0,0,0,0,,0,blue
t_travospublic_measure_5m_img.23628749.202505140635,86,,6810720,1,20250514,635,,,,,,,,,,,,,,,3,202505140635,34.26169203281165,134.728943,,,,,,,1,,0,,0,0,0,0,,0,blue
t_travospublic_measure_5m_img.23628750.202505140635,86,,6810730,1,20250514,635,,,,,,,,,,,,,,,3,202505140635,34.85305603361341,134.605278,,,,,,,1,,0,,0,0,0,0,,0,blue
t_travospublic_measure_5m_img.23628751.202505140635,86,,6810740,1,20250514,635,,,,,,,,,,,,,,,3,202505140635,34.87691203364509,134.61312,,,,,,,1,,0,,0,0,0,0,,0,blue
t_travospublic_measure_5m_img.23628752.202505140635,86,,6810750,1,20250514,635,,,,,,,,,,,,,,,3,202505140635,35.07068203390065,134.587422,,,,,,,1,,0,,0,0,0,0,,0,blue
t_travospublic_measure_5m_img.23628753.202505140635,86,,6810760,1,20250514,635,,,,,,,,,,,,,,,3,202505140635,35.145672033998615,134.539014,,,,,,,1,,0,,0,0,0,0,,0,blue
t_travospublic_measure_5m_img.23628754.202505140635,86,,6810770,1,20250514,635,,,,,,,,,,,,,,,3,202505140635,33.692375032012194,135.984591,,,,,,,1,,0,,0,0,0,0,,0,blue
t_travospublic_measure_5m_img.23628755.202505140635,86,,6810780,1,20250514,635,,,,,,,,,,,,,,,3,202505140635,33.61777803190555,135.927061,,,,,,,1,,0,,0,0,0,0,,0,blue
t_travospublic_measure_5m_img.23628756.202505140635,86,,6810790,1,20250514,635,,,,,,,,,,,,,,,3,202505140635,33.56853903183492,135.910197,,,,,,,1,,0,,0,0,0,0,,0,blue
t_travospublic_measure_5m_img.23628757.202505140635,86,,6810800,1,20250514,635,,,,,,,,,,,,,,,3,202505140635,33.50323103174097,135.806228,,,,,,,1,,0,,0,0,0,0,,0,blue
t_travospublic_measure_5m_img.23628758.202505140635,86,,6810810,1,20250514,635,7,1,,,,,,10,3,,,,,,3,202505140635,33.48392803171314,135.760481,,,8,,13,,0,,0,,0,0,0,0,,0,blue
t_travospublic_measure_5m_img.23628759.202505140635,86,,6810820,1,20250514,635,,,,,,,,,,,,,,,3,202505140635,33.509890031750565,135.60639100000003,,,,,,,1,,0,,0,0,0,0,,0,blue
t_travospublic_measure_5m_img.23628760.202505140635,86,,6810830,1,20250514,635,,,,,,,,,,,,,,,3,202505140635,33.51850003176297,135.57,,,,,,,1,,0,,0,0,0,0,,0,blue
t_travospublic_measure_5m_img.23628761.202505140635,86,,6810840,1,20250514,635,,,,,,,,,,,,,,,3,202505140635,33.554167031814266,135.458889,,,,,,,1,,0,,0,0,0,0,,0,blue
t_travospublic_measure_5m_img.23628762.202505140635,86,,6810850,1,20250514,635,,,,,,,,,,,,,,,3,202505140635,33.70273603202697,135.411942,,,,,,,1,,0,,0,0,0,0,,0,blue
t_travospublic_measure_5m_img.23628763.202505140635,86,,6810860,1,20250514,635,32,0,,,,,,17,1,,,,,,3,202505140635,33.72250003205514,135.404722,,,32,,18,,0,,0,,0,0,0,0,,0,blue
t_travospublic_measure_5m_img.23628764.202505140635,86,,6810880,1,20250514,635,,,,,,,,,,,,,,,3,202505140635,33.748889032092684,135.3275,,,,,,,1,,0,,0,0,0,0,,0,blue
t_travospublic_measure_5m_img.23628765.202505140635,86,,6810890,1,20250514,635,13,6,,,,,,0,0,,,,,,3,202505140635,33.7811110321385,135.3025,,,19,,0,,0,,0,,0,0,0,0,,0,blue
t_travospublic_measure_5m_img.23628766.202505140635,86,,6810900,1,20250514,635,17,1,,,,,,15,4,,,,,,3,202505140635,33.91892803233343,135.146508,,,18,,19,,0,,0,,0,0,0,0,,0,blue
t_travospublic_measure_5m_img.23628767.202505140635,86,,6810910,1,20250514,635,15,1,,,,,,0,0,,,,,,3,202505140635,33.94659203237239,135.12965,,,16,,0,,0,,0,,0,0,0,0,,0,blue
t_travospublic_measure_5m_img.23628768.202505140635,86,,6810920,1,20250514,635,20,5,,,,,,37,2,,,,,,3,202505140635,34.04305603250771,135.189722,,,25,,39,,0,,0,,0,0,0,0,,0,blue
t_travospublic_measure_5m_img.23628769.202505140635,86,,6810930,1,20250514,635,,,,,,,,,,,,,,,3,202505140635,34.047035032513286,135.189167,,,,,,,1,,0,,0,0,0,0,,0,blue
t_travospublic_measure_5m_img.23628770.202505140635,86,,6810950,1,20250514,635,,,,,,,,,,,,,,,3,202505140635,34.19539403271991,135.169583,,,,,,,1,,0,,0,0,0,0,,0,blue
t_travospublic_measure_5m_img.23628771.202505140635,86,,6810960,1,20250514,635,,,,,,,,,,,,,,,3,202505140635,33.74962803209376,135.359472,,,,,,,1,,0,,0,0,0,0,,0,blue
t_travospublic_measure_5m_img.23628772.202505140635,86,,6810980,1,20250514,635,18,5,,,,,,68,10,,,,,,3,202505140635,34.652222033344536,135.48972200000003,,,23,,78,,0,,0,,0,0,0,0,,0,blue
t_travospublic_measure_5m_img.23628773.202505140635,86,,6810990,1,20250514,635,,,,,,,,,,,,,,,3,202505140635,35.551944034520155,136.098333,,,,,,,1,,0,,0,0,0,0,,0,blue
t_travospublic_measure_5m_img.23628774.202505140635,86,,6811000,1,20250514,635,,,,,,,,,,,,,,,3,202505140635,35.530000034492396,136.094444,,,,,,,1,,0,,0,0,0,0,,0,blue
t_travospublic_measure_5m_img.23628775.202505140635,86,,6811010,1,20250514,635,,,,,,,,,,,,,,,3,202505140635,35.47888903442754,136.083056,,,,,,,1,,0,,0,0,0,0,,0,blue
t_travospublic_measure_5m_img.23628776.202505140635,86,,6811020,1,20250514,635,,,,,,,,,,,,,,,3,202505140635,35.39750003432375,136.024722,,,,,,,1,,0,,0,0,0,0,,0,blue
t_travospublic_measure_5m_img.23628777.202505140635,86,,6811030,1,20250514,635,,,,,,,,,,,,,,,3,202505140635,35.28722203418211,136.018056,,,,,,,1,,0,,0,0,0,0,,0,blue
t_travospublic_measure_5m_img.23628778.202505140635,86,,6811040,1,20250514,635,,,,,,,,,,,,,,,3,202505140635,35.24777803413116,135.960556,,,,,,,1,,0,,0,0,0,0,,0,blue
t_travospublic_measure_5m_img.23628779.202505140635,86,,6811050,1,20250514,635,,,,,,,,,,,,,,,3,202505140635,35.237778034118236,135.943333,,,,,,,1,,0,,0,1,1,0,,0,blue
t_travospublic_measure_5m_img.23628780.202505140635,86,,6811080,1,20250514,635,90,23,,,,,,61,16,,,,,,3,202505140635,34.71861103343382,135.569444,,,113,,77,,0,,0,,0,0,0,0,,0,blue
t_travospublic_measure_5m_img.23628781.202505140635,86,,6811140,1,20250514,635,0,0,,,,,,0,0,,,,,,3,202505140635,34.81806403356681,135.3196,,,0,,0,,0,,0,,0,1,1,0,,0,blue
t_travospublic_measure_5m_img.23628782.202505140635,86,,6811150,1,20250514,635,10,5,,,,,,14,5,,,,,,3,202505140635,35.16055603401799,135.066111,,,15,,19,,0,,0,,0,0,0,0,,0,blue
t_travospublic_measure_5m_img.23628783.202505140635,86,,6811160,1,20250514,635,14,13,,,,,,10,6,,,,,,3,202505140635,35.23305603411212,135.020833,,,27,,16,,0,,0,,0,0,0,0,,0,blue
t_travospublic_measure_5m_img.23628784.202505140635,86,,6811170,1,20250514,635,6,3,,,,,,5,3,,,,,,3,202505140635,35.29111103418713,134.970556,,,9,,8,,0,,0,,0,0,0,0,,0,blue
t_travospublic_measure_5m_img.23628785.202505140635,86,,6811180,1,20250514,635,11,4,,,,,,6,1,,,,,,3,202505140635,35.30305603420252,134.92,,,15,,7,,0,,0,,0,0,0,0,,0,blue
t_travospublic_measure_5m_img.23628786.202505140635,86,,6811190,1,20250514,635,5,3,,,,,,16,3,,,,,,3,202505140635,35.34500003425647,134.801111,,,8,,19,,0,,0,,0,0,0,0,,0,blue
t_travospublic_measure_5m_img.23628787.202505140635,86,,6811200,1,20250514,635,7,7,,,,,,19,2,,,,,,3,202505140635,35.36333303427999,134.759167,,,14,,21,,0,,0,,0,0,0,0,,0,blue
t_travospublic_measure_5m_img.23628788.202505140635,86,,6811210,1,20250514,635,14,4,,,,,,15,1,,,,,,3,202505140635,35.49942303445363,134.790538,,,18,,16,,0,,0,,0,0,0,0,,0,blue
t_travospublic_measure_5m_img.23628789.202505140635,86,,6811220,1,20250514,635,10,3,,,,,,11,0,,,,,,3,202505140635,35.474942034422526,134.764925,,,13,,11,,0,,0,,0,0,0,0,,0,blue
t_travospublic_measure_5m_img.23628790.202505140635,86,,6811230,1,20250514,635,11,6,,,,,,15,1,,,,,,3,202505140635,35.43722003437449,134.767839,,,17,,16,,0,,0,,0,0,0,0,,0,blue
t_travospublic_measure_5m_img.23628791.202505140635,86,,6811260,1,20250514,635,56,1,,,,,,7,5,,,,,,3,202505140635,35.01754603383091,136.023618,,,57,,12,,0,,0,,0,0,0,0,,0,blue
t_travospublic_measure_5m_img.23628792.202505140635,86,,6811310,1,20250514,635,,,,,,,,,,,,,,,3,202505140635,34.78856603352747,134.816183,,,,,,,1,,0,,0,0,0,0,,0,blue
t_travospublic_measure_5m_img.23628793.202505140635,86,,6811320,1,20250514,635,,,,,,,,,,,,,,,3,202505140635,34.81472203356237,134.673055,,,,,,,1,,0,,0,0,0,0,,0,blue
t_travospublic_measure_5m_img.23628794.202505140635,86,,6811340,1,20250514,635,,,,,,,,,,,,,,,3,202505140635,34.83503003358942,134.618945,,,,,,,1,,0,,0,0,0,0,,0,blue
t_travospublic_measure_5m_img.23628795.202505140635,86,,6811400,1,20250514,635,29,11,,,,,,23,13,,,,,,3,202505140635,34.54152803319483,135.675417,,,40,,36,,0,,0,,0,0,0,0,,0,blue
t_travospublic_measure_5m_img.23628796.202505140635,87,,7810030,1,20250514,635,78,11,,,,,,74,25,,,,,,3,202505140635,34.46130403308565,133.299608,,,89,0,99,0,0,0,0,0,0,0,0,0,0,0,blue
t_travospublic_measure_5m_img.23628797.202505140635,87,,7810060,1,20250514,635,20,13,,,,,,24,8,,,,,,3,202505140635,34.391480032990195,132.905302,,,33,0,32,0,0,0,0,0,0,0,0,0,0,0,blue
t_travospublic_measure_5m_img.23628798.202505140635,87,,7810080,1,20250514,635,,,,,,,,37,19,,,,,,3,202505140635,34.40409903300748,132.811446,,,,,56,0,0,0,0,0,0,0,0,0,0,0,blue
t_travospublic_measure_5m_img.23628799.202505140635,87,,7810090,1,20250514,635,38,18,,,,,,26,2,,,,,,3,202505140635,34.37165503296302,132.548551,,,56,0,28,0,0,0,0,0,0,0,0,0,0,0,blue
t_travospublic_measure_5m_img.23628800.202505140635,87,,7810100,1,20250514,635,19,8,,,,,,27,6,,,,,,3,202505140635,34.370314032961176,132.43065,,,27,0,33,0,0,0,0,0,0,0,0,0,0,0,blue
t_travospublic_measure_5m_img.23628801.202505140635,87,,7810120,1,20250514,635,43,8,,,,,,55,14,,,,,,3,202505140635,34.40929103301459,133.075998,,,51,0,69,0,0,0,0,0,0,0,0,0,0,0,blue
t_travospublic_measure_5m_img.23628802.202505140635,87,,7810130,1,20250514,635,49,13,,,,,,12,0,,,,,,3,202505140635,34.394348032994124,133.04909,,,62,0,12,0,0,0,0,0,0,0,0,0,0,0,blue
t_travospublic_measure_5m_img.23628803.202505140635,87,,7810140,1,20250514,635,9,6,,,,,,0,1,,,,,,3,202505140635,34.186157032707094,132.173982,,,15,0,1,0,0,0,0,0,0,0,0,0,0,0,blue
t_travospublic_measure_5m_img.23628804.202505140635,87,,7810150,1,20250514,635,0,0,,,,,,0,0,,,,,,3,202505140635,34.069307032544415,131.669576,,,0,0,0,0,0,0,0,0,0,0,0,0,0,0,blue
t_travospublic_measure_5m_img.23628805.202505140635,87,,7810180,1,20250514,635,2,2,,,,,,1,7,,,,,,3,202505140635,34.03918803250232,131.248456,,,4,0,8,0,0,0,0,0,0,0,0,0,0,0,blue
t_travospublic_measure_5m_img.23628806.202505140635,87,,7810220,1,20250514,635,,,,,,,,,,,,,,,3,202505140635,35.51908503447856,134.20671,,,,,,,0,0,0,0,0,1,1,1,1,0,blue
t_travospublic_measure_5m_img.23628807.202505140635,87,,7810230,1,20250514,635,,,,,,,,,,,,,,,3,202505140635,35.523372034484,134.171906,,,,,,,1,,,,,,,,,,blue
t_travospublic_measure_5m_img.23628808.202505140635,87,,7810250,1,20250514,635,,,,,,,,,,,,,,,3,202505140635,35.51594103447459,134.071698,,,,,,,1,,,,,,,,,,blue
t_travospublic_measure_5m_img.23628809.202505140635,87,,7810280,1,20250514,635,10,1,,,,,,8,0,,,,,,3,202505140635,35.50301603445818,133.70857000000004,,,11,0,8,0,0,0,0,0,0,0,0,0,0,0,blue
t_travospublic_measure_5m_img.23628810.202505140635,87,,7810330,1,20250514,635,0,0,,,,,,5,0,,,,,,3,202505140635,35.46553703441056,133.4305,,,0,0,5,0,0,0,0,0,0,0,0,0,0,0,blue
t_travospublic_measure_5m_img.23628811.202505140635,87,,7810360,1,20250514,635,14,1,,,,,,29,1,,,,,,3,202505140635,35.43101403436657,133.331902,,,15,0,30,0,0,0,0,0,0,0,0,0,0,0,blue
t_travospublic_measure_5m_img.23628812.202505140635,87,,7810380,1,20250514,635,23,12,,,,,,30,14,,,,,,3,202505140635,35.48149203443085,133.474531,,,35,0,44,0,0,0,0,0,0,0,0,0,0,0,blue
t_travospublic_measure_5m_img.23628813.202505140635,87,,7810420,1,20250514,635,41,11,,,,,,15,9,,,,,,3,202505140635,35.50747003446383,133.61465,,,52,0,24,0,0,0,0,0,0,0,0,0,0,0,blue
t_travospublic_measure_5m_img.23628814.202505140635,87,,7810440,1,20250514,635,50,16,,,,,,34,5,,,,,,3,202505140635,35.40803703433723,133.302548,,,66,0,39,0,0,0,0,0,0,0,0,0,0,0,blue
t_travospublic_measure_5m_img.23628815.202505140635,87,,7810500,1,20250514,635,10,0,,,,,,5,0,,,,,,3,202505140635,35.198965034067925,132.455335,,,10,0,5,0,0,0,0,0,0,0,0,0,0,0,blue
t_travospublic_measure_5m_img.23628816.202505140635,87,,7810510,1,20250514,635,1,0,,,,,,1,1,,,,,,3,202505140635,35.111949033954616,132.379675,,,1,0,2,0,0,0,0,0,0,0,0,0,0,0,blue
t_travospublic_measure_5m_img.23628817.202505140635,87,,7810530,1,20250514,635,1,0,,,,,,4,4,,,,,,3,202505140635,35.0882140339236,132.347724,,,1,0,8,0,0,0,0,0,0,0,0,0,0,0,blue
t_travospublic_measure_5m_img.23628818.202505140635,87,,7810570,1,20250514,635,0,0,,,,,,20,1,,,,,,3,202505140635,34.92234503370532,132.109083,,,0,0,21,0,0,0,0,0,0,0,0,0,0,0,blue
t_travospublic_measure_5m_img.23628819.202505140635,87,,7810580,1,20250514,635,25,2,,,,,,39,5,,,,,,3,202505140635,34.90375903368071,132.105961,,,27,0,44,0,0,0,0,0,0,0,0,0,0,0,blue
t_travospublic_measure_5m_img.23628820.202505140635,87,,7810600,1,20250514,635,24,3,,,,,,26,7,,,,,,3,202505140635,34.886378033657664,132.069161,,,27,0,33,0,0,0,0,0,0,0,0,0,0,0,blue
t_travospublic_measure_5m_img.23628821.202505140635,87,,7810610,1,20250514,635,6,3,,,,,,7,3,,,,,,3,202505140635,34.8693890336351,132.044972,,,9,0,10,0,0,0,0,0,0,0,0,0,0,0,blue
t_travospublic_measure_5m_img.23628822.202505140635,87,,7810650,1,20250514,635,14,2,,,,,,0,0,,,,,,3,202505140635,34.603665033279,131.799331,,,16,0,0,0,0,0,0,0,0,0,0,0,0,0,blue
t_travospublic_measure_5m_img.23628823.202505140635,87,,7810660,1,20250514,635,9,2,,,,,,13,0,,,,,,3,202505140635,34.56766203323026,131.793408,,,11,0,13,0,0,0,0,0,0,0,0,0,0,0,blue
t_travospublic_measure_5m_img.23628824.202505140635,87,,7810670,1,20250514,635,0,0,,,,,,0,0,,,,,,3,202505140635,34.4411940330582,131.772423,,,0,0,0,0,0,0,0,0,0,0,0,0,0,0,blue
t_travospublic_measure_5m_img.23628825.202505140635,87,,7810680,1,20250514,635,87,21,,,,,,85,11,,,,,,3,202505140635,35.44391203438301,133.070902,,,108,0,96,0,0,0,0,0,0,0,0,0,0,0,blue
t_travospublic_measure_5m_img.23628826.202505140635,87,,7810690,1,20250514,635,36,12,,,,,,31,6,,,,,,3,202505140635,35.435857034372745,133.036623,,,48,0,37,0,0,0,0,0,0,0,0,0,0,0,blue
t_travospublic_measure_5m_img.23628827.202505140635,87,,7810730,1,20250514,635,8,1,,,,,,5,0,,,,,,3,202505140635,35.0087950338194,132.223163,,,9,0,5,0,0,0,0,0,0,0,0,0,0,0,blue
t_travospublic_measure_5m_img.23628828.202505140635,87,,7810780,1,20250514,635,,,,,,,,,,,,,,,3,202505140635,34.245635032789465,131.522947,,,,,,,1,,,,,,,,,,blue
t_travospublic_measure_5m_img.23628829.202505140635,87,,7810790,1,20250514,635,,,,,,,,,,,,,,,3,202505140635,34.190602032713265,131.483723,,,,,,,1,,,,,,,,,,blue
t_travospublic_measure_5m_img.23628830.202505140635,87,,7810830,1,20250514,635,,,,,,,,,,,,,,,3,202505140635,35.36752203428536,134.328439,,,,,,,1,,,,,,,,,,blue
t_travospublic_measure_5m_img.23628831.202505140635,87,,7810840,1,20250514,635,,,,,,,,,,,,,,,3,202505140635,35.47203803441882,134.240441,,,,,,,1,,,,,,,,,,blue
t_travospublic_measure_5m_img.23628832.202505140635,87,,7810850,1,20250514,635,,,,,,,,,,,,,,,3,202505140635,35.49999403445436,134.20171,,,,,,,0,0,0,0,0,1,1,0,1,0,blue
t_travospublic_measure_5m_img.23628833.202505140635,87,,7810870,1,20250514,635,,,,,,,,,,,,,,,3,202505140635,34.52362703317051,133.901839,,,,,,,0,0,0,0,0,1,1,0,1,0,blue
t_travospublic_measure_5m_img.23628834.202505140635,87,,7810900,1,20250514,635,11,5,,,,,,14,2,,,,,,3,202505140635,34.9118280336914,133.946407,,,16,0,16,0,0,0,0,0,0,0,0,0,0,0,blue
t_travospublic_measure_5m_img.23628835.202505140635,87,,7810940,1,20250514,635,,,,,,,,,,,,,,,3,202505140635,35.342837034253684,134.203706,,,,,,,1,,,,,,,,,,blue
t_travospublic_measure_5m_img.23628836.202505140635,87,,7810950,1,20250514,635,,,,,,,,,,,,,,,3,202505140635,35.3698230342883,134.215379,,,,,,,0,0,0,0,0,1,1,0,1,0,blue
t_travospublic_measure_5m_img.23628837.202505140635,87,,7810960,1,20250514,635,18,6,,,,,,11,4,,,,,,3,202505140635,34.64456803333422,132.667015,,,24,0,15,0,0,0,0,0,0,0,0,0,0,0,blue
t_travospublic_measure_5m_img.23628838.202505140635,87,,7810970,1,20250514,635,8,2,,,,,,17,2,,,,,,3,202505140635,34.68134903338374,132.742245,,,10,0,19,0,0,0,0,0,0,0,0,0,0,0,blue
t_travospublic_measure_5m_img.23628839.202505140635,87,,7810980,1,20250514,635,6,1,,,,,,7,1,,,,,,3,202505140635,34.81798703356671,132.823527,,,7,0,8,0,0,0,0,0,0,0,0,0,0,0,blue
t_travospublic_measure_5m_img.23628840.202505140635,87,,7810990,1,20250514,635,2,0,,,,,,2,1,,,,,,3,202505140635,34.86090703362384,132.793186,,,2,0,3,0,0,0,0,0,0,0,0,0,0,0,blue
t_travospublic_measure_5m_img.23628841.202505140635,87,,7811020,1,20250514,635,12,2,,,,,,9,4,,,,,,3,202505140635,35.33258003424051,132.907662,,,14,0,13,0,0,0,0,0,0,0,0,0,0,0,blue
t_travospublic_measure_5m_img.23628842.202505140635,87,,7811070,1,20250514,635,60,5,,,,,,0,0,,,,,,3,202505140635,34.23547503277542,132.6053,,,65,0,0,0,0,0,0,0,0,0,0,0,0,0,blue
t_travospublic_measure_5m_img.23628843.202505140635,87,,7811080,1,20250514,635,30,1,,,,,,25,3,,,,,,3,202505140635,34.220918032755264,132.662702,,,31,0,28,0,0,0,0,0,0,0,0,0,0,0,blue
t_travospublic_measure_5m_img.23628844.202505140635,87,,7811090,1,20250514,635,11,0,,,,,,12,0,,,,,,3,202505140635,34.27213903282609,132.728126,,,11,0,12,0,0,0,0,0,0,0,0,0,0,0,blue
t_travospublic_measure_5m_img.23628845.202505140635,87,,7811100,1,20250514,635,13,1,,,,,,11,1,,,,,,3,202505140635,34.33997203291951,132.948483,,,14,0,12,0,0,0,0,0,0,0,0,0,0,0,blue
t_travospublic_measure_5m_img.23628846.202505140635,87,,7811120,1,20250514,635,0,3,,,,,,10,0,,,,,,3,202505140635,33.9055670323146,132.028679,,,3,0,10,0,0,0,0,0,0,0,0,0,0,0,blue
t_travospublic_measure_5m_img.23628847.202505140635,87,,7811130,1,20250514,635,0,0,,,,,,1,0,,,,,,3,202505140635,33.93038903234958,131.978502,,,0,0,1,0,0,0,0,0,0,0,0,0,0,0,blue
t_travospublic_measure_5m_img.23628848.202505140635,87,,7811140,1,20250514,635,67,5,,,,,,128,1,,,,,,3,202505140635,33.976741032414765,131.89892000000003,,,72,0,129,0,0,0,0,0,0,0,0,0,0,0,blue
t_travospublic_measure_5m_img.23628849.202505140635,87,,7811150,1,20250514,635,70,3,,,,,,20,2,,,,,,3,202505140635,33.97531203241275,131.223377,,,73,0,22,0,0,0,0,0,0,0,0,0,0,0,blue
t_travospublic_measure_5m_img.23628850.202505140635,87,,7811160,1,20250514,635,52,9,,,,,,18,2,,,,,,3,202505140635,34.0254670324831,131.108286,,,61,0,20,0,0,0,0,0,0,0,0,0,0,0,blue
t_travospublic_measure_5m_img.23628851.202505140635,87,,7811170,1,20250514,635,5,2,,,,,,0,0,,,,,,3,202505140635,34.06179303253392,130.910708,,,7,0,0,0,0,0,0,0,0,0,0,0,0,0,blue
t_travospublic_measure_5m_img.23628852.202505140635,87,,7811190,1,20250514,635,8,0,,,,,,10,0,,,,,,3,202505140635,34.372636032964365,131.13719,,,8,0,10,0,0,0,0,0,0,0,0,0,0,0,blue
t_travospublic_measure_5m_img.23628853.202505140635,87,,7811200,1,20250514,635,10,2,,,,,,8,3,,,,,,3,202505140635,34.36655403295601,131.21721,,,12,0,11,0,0,0,0,0,0,0,0,0,0,0,blue
t_travospublic_measure_5m_img.23628854.202505140635,87,,7811210,1,20250514,635,0,0,,,,,,0,0,,,,,,3,202505140635,34.36556503295465,131.327923,,,0,0,0,0,0,0,0,0,0,0,0,0,0,0,blue
t_travospublic_measure_5m_img.23628855.202505140635,87,,7811220,1,20250514,635,10,0,,,,,,9,3,,,,,,3,202505140635,34.46117103308548,131.429169,,,10,0,12,0,0,0,0,0,0,0,0,0,0,0,blue
t_travospublic_measure_5m_img.23628856.202505140635,87,,7811230,1,20250514,635,4,0,,,,,,2,1,,,,,,3,202505140635,34.53625103318765,131.50609,,,4,0,3,0,0,0,0,0,0,0,0,0,0,0,blue
t_travospublic_measure_5m_img.23628857.202505140635,87,,7811240,1,20250514,635,46,0,,,,,,34,2,,,,,,3,202505140635,33.97863403241742,130.917824,,,46,0,36,0,0,0,0,0,0,0,0,0,0,0,blue
t_travospublic_measure_5m_img.23628858.202505140635,87,,7811250,1,20250514,635,,,,,,,,,,,,,,,3,202505140635,34.371174032962365,131.269202,,,,,,,0,0,0,0,0,1,1,1,1,0,blue
t_travospublic_measure_5m_img.23628859.202505140635,87,,7811260,1,20250514,635,,,,,,,,,,,,,,,3,202505140635,34.386217032983,131.345346,,,,,,,0,0,0,0,0,1,1,0,1,0,blue
t_travospublic_measure_5m_img.23628860.202505140635,87,,7811280,1,20250514,635,5,0,,,,,,40,4,,,,,,3,202505140635,33.98188003242198,130.919334,,,5,0,44,0,0,0,0,0,0,0,0,0,0,0,blue
t_travospublic_measure_5m_img.23628861.202505140635,87,,7811310,1,20250514,635,65,9,,,,,,41,7,,,,,,3,202505140635,34.274175032828886,132.632159,,,74,0,48,0,0,0,0,0,0,0,0,0,0,0,blue
t_travospublic_measure_5m_img.23628862.202505140635,88,,8810010,1,20250514,635,,,,,,,,,,,,,,,3,202505140635,34.22576903276199,134.506281,,,,,,,1,0,0,0,0,0,0,0,0,0,blue
t_travospublic_measure_5m_img.23628863.202505140635,88,,8810040,1,20250514,635,,,,,,,,,,,,,,,3,202505140635,34.21202803274294,134.426444,,,,,,,1,0,0,0,0,0,0,0,0,0,blue
t_travospublic_measure_5m_img.23628864.202505140635,88,,8810050,1,20250514,635,,,,,,,,,,,,,,,3,202505140635,34.2426940327854,134.369389,,,,,,,1,0,0,0,0,0,0,0,0,0,blue
t_travospublic_measure_5m_img.23628865.202505140635,88,,8810060,1,20250514,635,,,,,,,,,,,,,,,3,202505140635,34.24194403278437,134.333056,,,,,,,1,0,0,0,0,0,0,0,0,0,blue
t_travospublic_measure_5m_img.23628866.202505140635,88,,8810070,1,20250514,635,,,,,,,,,,,,,,,3,202505140635,34.3096610328778,134.235686,,,,,,,1,0,0,0,0,0,0,0,0,0,blue
t_travospublic_measure_5m_img.23628867.202505140635,88,,8810080,1,20250514,635,,,,,,,,,,,,,,,3,202505140635,34.323825032897304,134.203003,,,,,,,1,0,0,0,0,0,0,0,0,0,blue
t_travospublic_measure_5m_img.23628868.202505140635,88,,8810090,1,20250514,635,,,,,,,,86,8,,,,,,3,202505140635,34.31055603287904,134.040556,,,,,94,0,0,0,0,0,0,0,0,0,0,0,blue
t_travospublic_measure_5m_img.23628869.202505140635,88,,8810100,1,20250514,635,,,,,,,,,,,,,,,3,202505140635,34.31083303287942,134.040833,,,,,,,1,0,0,0,0,0,0,0,0,0,blue
t_travospublic_measure_5m_img.23628870.202505140635,88,,8810110,1,20250514,635,,,,,,,,,,,,,,,3,202505140635,34.296344462859466,133.9267892,,,,,,,1,0,0,0,0,0,0,0,0,0,blue
t_travospublic_measure_5m_img.23628871.202505140635,88,,8810120,1,20250514,635,,,,,,,,,,,,,,,3,202505140635,34.30830303287593,133.886,,,,,,,1,0,0,0,0,0,0,0,0,0,blue
t_travospublic_measure_5m_img.23628872.202505140635,88,,8810130,1,20250514,635,,,,,,,,,,,,,,,3,202505140635,34.28116903283854,133.818719,,,,,,,1,0,0,0,0,0,0,0,0,0,blue
t_travospublic_measure_5m_img.23628873.202505140635,88,,8810150,1,20250514,635,,,,,,,,,,,,,,,3,202505140635,33.79388903215663,132.931944,,,,,,,1,0,0,0,0,0,0,0,0,0,blue
t_travospublic_measure_5m_img.23628874.202505140635,88,,8810160,1,20250514,635,,,,,,,,,,,,,,,3,202505140635,34.251008032796896,133.916925,,,,,,,1,0,0,0,0,0,0,0,0,0,blue
t_travospublic_measure_5m_img.23628875.202505140635,88,,8810170,1,20250514,635,,,,,,,,,,,,,,,3,202505140635,34.183472032703364,133.834944,,,,,,,1,0,0,0,0,0,0,0,0,0,blue
t_travospublic_measure_5m_img.23628876.202505140635,88,,8810180,1,20250514,635,,,,,,,,,,,,,,,3,202505140635,34.15741703266719,133.82277800000003,,,,,,,1,0,0,0,0,0,0,0,0,0,blue
t_travospublic_measure_5m_img.23628877.202505140635,88,,8810210,1,20250514,635,,,,,,,,,,,,,,,3,202505140635,34.02985603248925,133.814811,,,,,,,1,0,0,0,0,0,0,0,0,0,blue
t_travospublic_measure_5m_img.23628878.202505140635,88,,8810220,1,20250514,635,,,,,,,,,,,,,,,3,202505140635,33.99827503244498,133.788456,,,,,,,1,0,0,0,0,0,0,0,0,0,blue
t_travospublic_measure_5m_img.23628879.202505140635,88,,8810270,1,20250514,635,17,1,,,,,,2,4,,,,,,3,202505140635,33.699149792021856,133.6898053,,,18,0,6,0,0,0,0,0,0,0,0,0,0,0,blue
t_travospublic_measure_5m_img.23628880.202505140635,88,,8810310,1,20250514,635,,,,,,,,,,,,,,,3,202505140635,33.65416703195762,133.66,,,,,,,1,0,0,0,0,0,0,0,0,0,blue
t_travospublic_measure_5m_img.23628881.202505140635,88,,8810350,1,20250514,635,24,2,,,,,,8,0,,,,,,3,202505140635,33.54658334180337,133.423537,,,26,0,8,0,0,0,0,0,0,0,0,0,0,0,blue
t_travospublic_measure_5m_img.23628882.202505140635,88,,8810380,1,20250514,635,4,1,,,,,,14,1,,,,,,3,202505140635,33.555000031815474,133.139444,,,5,0,15,0,0,0,0,0,0,0,0,0,0,0,blue
t_travospublic_measure_5m_img.23628883.202505140635,88,,8810400,1,20250514,635,,,,,,,,,,,,,,,3,202505140635,33.58111103185298,132.9925,,,,,,,1,0,0,0,0,0,0,0,0,0,blue
t_travospublic_measure_5m_img.23628884.202505140635,88,,8810410,1,20250514,635,5,3,,,,,,2,0,,,,,,3,202505140635,33.61805603190595,132.933333,,,8,0,2,0,0,0,0,0,0,0,0,0,0,0,blue
t_travospublic_measure_5m_img.23628885.202505140635,88,,8810420,1,20250514,635,10,3,,,,,,3,1,,,,,,3,202505140635,33.62777803191986,132.916389,,,13,0,4,0,0,0,0,0,0,0,0,0,0,0,blue
t_travospublic_measure_5m_img.23628886.202505140635,88,,8810430,1,20250514,635,,,,,,,,,,,,,,,3,202505140635,33.646667031946905,132.905833,,,,,,,1,0,0,0,0,0,0,0,0,0,blue
t_travospublic_measure_5m_img.23628887.202505140635,88,,8810450,1,20250514,635,18,4,,,,,,3,0,,,,,,3,202505140635,33.68178252199708,132.8835762,,,22,0,3,0,0,0,0,0,0,0,0,0,0,0,blue
t_travospublic_measure_5m_img.23628888.202505140635,88,,8810510,1,20250514,635,,,,,,,,,,,,,,,3,202505140635,33.73555603207373,132.811667,,,,,,,1,0,0,0,0,0,0,0,0,0,blue
t_travospublic_measure_5m_img.23628889.202505140635,88,,8810520,1,20250514,635,,,,,,,,,,,,,,,6,202505140635,33.80277803216924,132.7775,,,,,,,1,0,0,0,0,0,0,0,0,0,blue
t_travospublic_measure_5m_img.23628890.202505140635,88,,8810530,1,20250514,635,,,,,,,,,,,,,,,3,202505140635,33.80679213217494,132.7455604,,,,,,,1,0,0,0,0,0,0,0,0,0,blue
t_travospublic_measure_5m_img.23628891.202505140635,88,,8810560,1,20250514,635,,,,,,,,,,,,,,,3,202505140635,33.883114032282926,134.645522,,,,,,,1,0,0,0,0,0,0,0,0,0,blue
t_travospublic_measure_5m_img.23628892.202505140635,88,,8810570,1,20250514,635,,,,,,,,,,,,,,,3,202505140635,33.87310303226879,134.637228,,,,,,,1,0,0,0,0,0,0,0,0,0,blue
t_travospublic_measure_5m_img.23628893.202505140635,88,,8810580,1,20250514,635,,,,,,,,,,,,,,,3,202505140635,33.8064830321745,134.590708,,,,,,,1,0,0,0,0,0,0,0,0,0,blue
t_travospublic_measure_5m_img.23628894.202505140635,88,,8810640,1,20250514,635,,,,,,,,,,,,,,,3,202505140635,33.72289703205572,134.519397,,,,,,,1,0,0,0,0,0,0,0,0,0,blue
t_travospublic_measure_5m_img.23628895.202505140635,88,,8810660,1,20250514,635,7,4,,,,,,6,3,,,,,,3,202505140635,33.66041903196656,134.406369,,,11,0,9,0,0,0,0,0,0,0,0,0,0,0,blue
t_travospublic_measure_5m_img.23628896.202505140635,88,,8810670,1,20250514,635,,,,,,,,,,,,,,,3,202505140635,33.58200303185425,134.323467,,,,,,,1,0,0,0,0,0,0,0,0,0,blue
t_travospublic_measure_5m_img.23628897.202505140635,88,,8810690,1,20250514,635,,,,,,,,,,,,,,,3,202505140635,33.49111103172349,134.261667,,,,,,,1,0,0,0,0,0,0,0,0,0,blue
t_travospublic_measure_5m_img.23628898.202505140635,88,,8810720,1,20250514,635,,,,,,,,,,,,,,,3,202505140635,33.33499901149748,134.1973409,,,,,,,1,0,0,0,0,0,0,0,0,0,blue
t_travospublic_measure_5m_img.23628899.202505140635,88,,8810730,1,20250514,635,,,,,,,,,,,,,,,3,202505140635,33.2510477313752,134.1807112,,,,,,,1,0,0,0,0,0,0,0,0,0,blue
t_travospublic_measure_5m_img.23628900.202505140635,88,,8810740,1,20250514,635,,,,,,,,,,,,,,,3,202505140635,33.29972203144615,134.123333,,,,,,,1,0,0,0,0,0,0,0,0,0,blue
t_travospublic_measure_5m_img.23628901.202505140635,88,,8810750,1,20250514,635,,,,,,,,,,,,,,,3,202505140635,33.371439791550394,134.039855,,,,,,,1,0,0,0,0,0,0,0,0,0,blue
t_travospublic_measure_5m_img.23628902.202505140635,88,,8810760,1,20250514,635,,,,,,,,,,,,,,,3,202505140635,33.42416703162678,134.023333,,,,,,,1,0,0,0,0,0,0,0,0,0,blue
t_travospublic_measure_5m_img.23628903.202505140635,88,,8810780,1,20250514,635,,,,,,,,,,,,,,,3,202505140635,33.441944031652504,133.966111,,,,,,,1,0,0,0,0,0,0,0,0,0,blue
t_travospublic_measure_5m_img.23628904.202505140635,88,,8810820,1,20250514,635,,,,,,,,,,,,,,,3,202505140635,33.5033880317412,133.878652,,,,,,,1,0,0,0,0,0,0,0,0,0,blue
t_travospublic_measure_5m_img.23628905.202505140635,88,,8810840,1,20250514,635,,,,,,,,,,,,,,,3,202505140635,33.525000031772315,133.760278,,,,,,,1,0,0,0,0,0,0,0,0,0,blue
t_travospublic_measure_5m_img.23628906.202505140635,88,,8810850,1,20250514,635,,,,,,,,,,,,,,,3,202505140635,33.42055603162157,133.301944,,,,,,,1,0,0,0,0,0,0,0,0,0,blue
t_travospublic_measure_5m_img.23628907.202505140635,88,,8810880,1,20250514,635,,,,,,,,,,,,,,,3,202505140635,33.3074340314574,133.179556,,,,,,,1,0,0,0,0,0,0,0,0,0,blue
t_travospublic_measure_5m_img.23628908.202505140635,88,,8810890,1,20250514,635,1,0,,,,,,1,0,,,,,,3,202505140635,33.28855103142989,133.172023,,,1,0,1,0,0,0,0,0,0,0,0,0,0,0,blue
t_travospublic_measure_5m_img.23628909.202505140635,88,,8810910,1,20250514,635,7,0,,,,,,6,0,,,,,,3,202505140635,33.266597031397886,133.171467,,,7,0,6,0,0,0,0,0,0,0,0,0,0,0,blue
t_travospublic_measure_5m_img.23628910.202505140635,88,,8810920,1,20250514,635,8,0,,,,,,12,8,,,,,,3,202505140635,33.21880803132811,133.140708,,,8,0,20,0,0,0,0,0,0,0,0,0,0,0,blue
t_travospublic_measure_5m_img.23628911.202505140635,88,,8810940,1,20250514,635,,,,,,,,,,,,,,,3,202505140635,33.0089042010197,132.9856986,,,,,,,1,0,0,0,0,0,0,0,0,0,blue
t_travospublic_measure_5m_img.23628912.202505140635,88,,8810960,1,20250514,635,3,1,,,,,,4,0,,,,,,3,202505140635,32.97816103097427,132.889125,,,4,0,4,0,0,0,0,0,0,0,0,0,0,0,blue
t_travospublic_measure_5m_img.23628913.202505140635,88,,8810970,1,20250514,635,3,1,,,,,,4,0,,,,,,3,202505140635,32.977644030973515,132.885636,,,4,0,4,0,0,0,0,0,0,0,0,0,0,0,blue
t_travospublic_measure_5m_img.23628914.202505140635,88,,8811000,1,20250514,635,11,2,,,,,,10,4,,,,,,3,202505140635,32.96687203095758,132.865489,,,13,0,14,0,0,0,0,0,0,0,0,0,0,0,blue
t_travospublic_measure_5m_img.23628915.202505140635,88,,8811020,1,20250514,635,5,1,,,,,,7,1,,,,,,3,202505140635,32.96457803095418,132.816661,,,6,0,8,0,0,0,0,0,0,0,0,0,0,0,blue
t_travospublic_measure_5m_img.23628916.202505140635,88,,8811040,1,20250514,635,6,1,,,,,,0,0,,,,,,3,202505140635,32.95833303094494,132.796389,,,7,0,0,0,0,0,0,0,0,0,0,0,0,0,blue
t_travospublic_measure_5m_img.23628917.202505140635,88,,8811050,1,20250514,635,20,0,,,,,,10,1,,,,,,3,202505140635,32.93641403091248,132.736475,,,20,0,11,0,0,0,0,0,0,0,0,0,0,0,blue
t_travospublic_measure_5m_img.23628918.202505140635,88,,8811070,1,20250514,635,5,3,,,,,,4,1,,,,,,3,202505140635,32.970303030962654,132.665209,,,8,0,5,0,0,0,0,0,0,0,0,0,0,0,blue
t_travospublic_measure_5m_img.23628919.202505140635,88,,8811080,1,20250514,635,12,0,,,,,,8,1,,,,,,3,202505140635,32.95232903093605,132.60067,,,12,0,9,0,0,0,0,0,0,0,0,0,0,0,blue
t_travospublic_measure_5m_img.23628920.202505140635,88,,8811090,1,20250514,635,8,1,,,,,,12,3,,,,,,3,202505140635,32.9541190309387,132.584276,,,9,0,15,0,0,0,0,0,0,0,0,0,0,0,blue
t_travospublic_measure_5m_img.23628921.202505140635,88,,8811110,1,20250514,635,11,2,,,,,,14,2,,,,,,3,202505140635,33.04654603107523,132.48536,,,13,0,16,0,0,0,0,0,0,0,0,0,0,0,blue
t_travospublic_measure_5m_img.23628922.202505140635,88,,8811130,1,20250514,635,8,2,,,,,,11,3,,,,,,3,202505140635,33.0789110311229,132.49507,,,10,0,14,0,0,0,0,0,0,0,0,0,0,0,blue
t_travospublic_measure_5m_img.23628923.202505140635,88,,8811140,1,20250514,635,5,0,,,,,,10,0,,,,,,3,202505140635,33.11350003117377,132.518333,,,5,0,10,0,0,0,0,0,0,0,0,0,0,0,blue
t_travospublic_measure_5m_img.23628924.202505140635,88,,8811150,1,20250514,635,8,1,,,,,,9,2,,,,,,3,202505140635,33.12469803119022,132.521282,,,9,0,11,0,0,0,0,0,0,0,0,0,0,0,blue
t_travospublic_measure_5m_img.23628925.202505140635,88,,8811170,1,20250514,635,1,0,,,,,,9,0,,,,,,3,202505140635,33.49517003172935,132.54537,,,1,0,9,0,0,0,0,0,0,0,0,0,0,0,blue
t_travospublic_measure_5m_img.23628926.202505140635,88,,8811180,1,20250514,635,4,0,,,,,,7,0,,,,,,3,202505140635,33.15677703123728,132.5469,,,4,0,7,0,0,0,0,0,0,0,0,0,0,0,blue
t_travospublic_measure_5m_img.23628927.202505140635,88,,8811190,1,20250514,635,11,0,,,,,,15,4,,,,,,3,202505140635,33.264024031394136,132.552651,,,11,0,19,0,0,0,0,0,0,0,0,0,0,0,blue
t_travospublic_measure_5m_img.23628928.202505140635,88,,8811210,1,20250514,635,42,2,,,,,,19,10,,,,,,3,202505140635,33.23340003134943,132.559577,,,44,0,29,0,0,0,0,0,0,0,0,0,0,0,blue
t_travospublic_measure_5m_img.23628929.202505140635,88,,8811220,1,20250514,635,22,3,,,,,,14,3,,,,,,3,202505140635,33.21975503132949,132.55883,,,25,0,17,0,0,0,0,0,0,0,0,0,0,0,blue
t_travospublic_measure_5m_img.23628930.202505140635,88,,8811230,1,20250514,635,32,6,,,,,,24,3,,,,,,3,202505140635,33.21400003132108,132.545961,,,38,0,27,0,0,0,0,0,0,0,0,0,0,0,blue
t_travospublic_measure_5m_img.23628931.202505140635,88,,8811240,1,20250514,635,22,8,,,,,,16,1,,,,,,3,202505140635,33.187563031282394,132.543219,,,30,0,17,0,0,0,0,0,0,0,0,0,0,0,blue
t_travospublic_measure_5m_img.23628932.202505140635,88,,8811250,1,20250514,635,,,,,,,,,,,,,,,3,202505140635,33.623917031914345,132.69675,,,,,,,1,0,0,0,0,0,0,0,0,0,blue
t_travospublic_measure_5m_img.23628933.202505140635,88,,8811270,1,20250514,635,,,,,,,,,,,,,,,3,202505140635,33.65575003195989,132.708361,,,,,,,1,0,0,0,0,0,0,0,0,0,blue
t_travospublic_measure_5m_img.23628934.202505140635,88,,8811300,1,20250514,635,22,12,,,,,,20,8,,,,,,3,202505140635,33.701111032024656,132.7075,,,34,0,28,0,0,0,0,0,0,0,0,0,0,0,blue
t_travospublic_measure_5m_img.23628935.202505140635,88,,8811320,1,20250514,635,34,9,,,,,,6,5,,,,,,3,202505140635,33.99242782243679,133.6034113,,,43,0,11,0,0,0,0,0,0,0,0,0,0,0,blue
t_travospublic_measure_5m_img.23628936.202505140635,88,,8811360,1,20250514,635,,,,,,,,,,,,,,,3,202505140635,34.015556032469206,133.77361100000002,,,,,,,1,0,0,0,0,0,0,0,0,0,blue
t_travospublic_measure_5m_img.23628937.202505140635,88,,8811430,1,20250514,635,,,,,,,,,,,,,,,3,202505140635,33.981944032422064,132.778333,,,,,,,1,0,0,0,0,0,0,0,0,0,blue
t_travospublic_measure_5m_img.23628938.202505140635,88,,8811450,1,20250514,635,24,11,,,,,,54,10,,,,,,3,202505140635,33.98044403241997,133.057088,,,35,0,64,0,0,0,0,0,0,0,0,0,0,0,blue
t_travospublic_measure_5m_img.23628939.202505140635,89,,9810010,1,20250514,635,85,9,,,,,,38,6,,,,,,3,202505140635,33.86852803226232,130.79675,,,94,0,44,0,0,0,0,0,0,0,0,0,0,0,blue
t_travospublic_measure_5m_img.23628940.202505140635,89,,9810020,1,20250514,635,,,,,,,,,,,,,,,3,202505140635,33.835259032215276,130.608521,,,,,,,1,0,0,0,0,0,0,0,0,0,blue
t_travospublic_measure_5m_img.23628941.202505140635,89,,9810030,1,20250514,635,,,,,,,,,,,,,,,3,202505140635,33.78978203215081,130.567337,,,,,,,1,0,0,0,0,0,0,0,0,0,blue
t_travospublic_measure_5m_img.23628942.202505140635,89,,9810040,1,20250514,635,70,7,,,,,,165,20,,,,,,3,202505140635,33.744955032087105,130.488242,,,77,0,185,0,0,0,0,0,0,0,0,0,0,0,blue
t_travospublic_measure_5m_img.23628943.202505140635,89,,9810050,1,20250514,635,60,5,,,,,,130,20,,,,,,3,202505140635,33.73691203207566,130.478193,,,65,0,150,0,0,0,0,0,0,0,0,0,0,0,blue
t_travospublic_measure_5m_img.23628944.202505140635,89,,9810070,1,20250514,635,130,31,,,,,,65,27,,,,,,3,202505140635,33.52600403177376,130.49557,,,161,0,92,0,0,0,0,0,0,0,0,0,0,0,blue
t_travospublic_measure_5m_img.23628945.202505140635,89,,9810080,1,20250514,635,133,32,,,,,,77,25,,,,,,3,202505140635,33.51100303175216,130.511069,,,165,0,102,0,0,0,0,0,0,0,0,0,0,0,blue
t_travospublic_measure_5m_img.23628946.202505140635,89,,9810090,1,20250514,635,105,28,,,,,,95,34,,,,,,3,202505140635,33.510200031751005,130.520977,,,133,0,129,0,0,0,0,0,0,0,0,0,0,0,blue
t_travospublic_measure_5m_img.23628947.202505140635,89,,9810100,1,20250514,635,76,28,,,,,,83,19,,,,,,3,202505140635,33.477797031704284,130.53932,,,104,0,102,0,0,0,0,0,0,0,0,0,0,0,blue
t_travospublic_measure_5m_img.23628948.202505140635,89,,9810110,1,20250514,635,50,24,,,,,,74,23,,,,,,3,202505140635,33.44687903165964,130.541025,,,74,0,97,0,0,0,0,0,0,0,0,0,0,0,blue
t_travospublic_measure_5m_img.23628949.202505140635,89,,9810120,1,20250514,635,34,16,,,,,,31,19,,,,,,3,202505140635,33.33966203150427,130.525942,,,50,0,50,0,0,0,0,0,0,0,0,0,0,0,blue
t_travospublic_measure_5m_img.23628950.202505140635,89,,9810130,1,20250514,635,5,3,,,,,,7,12,,,,,,3,202505140635,33.19870703129871,130.60119,,,8,0,19,0,0,0,0,0,0,0,0,0,0,0,blue
t_travospublic_measure_5m_img.23628951.202505140635,89,,9810140,1,20250514,635,8,8,,,,,,15,18,,,,,,3,202505140635,33.170447031257325,130.617432,,,16,0,33,0,0,0,0,0,0,0,0,0,0,0,blue
t_travospublic_measure_5m_img.23628952.202505140635,89,,9810150,1,20250514,635,,,,,,,,,,,,,,,3,202505140635,33.86806903226167,130.775199,,,,,,,1,0,0,0,0,0,0,0,0,0,blue
t_travospublic_measure_5m_img.23628953.202505140635,89,,9810160,1,20250514,635,,,,,,,,,,,,,,,3,202505140635,33.86432503225638,130.74688,,,,,,,1,0,0,0,0,0,0,0,0,0,blue
t_travospublic_measure_5m_img.23628954.202505140635,89,,9810170,1,20250514,635,120,6,,,,,,55,6,,,,,,3,202505140635,33.648732031949855,130.441499,,,126,0,61,0,0,0,0,0,0,0,0,0,0,0,blue
t_travospublic_measure_5m_img.23628955.202505140635,89,,9810180,1,20250514,635,118,18,,,,,,127,21,,,,,,3,202505140635,33.61500003190157,130.438611,,,136,0,148,0,0,0,0,0,0,0,0,0,0,0,blue
t_travospublic_measure_5m_img.23628956.202505140635,89,,9810190,1,20250514,635,44,20,,,,,,72,30,,,,,,3,202505140635,33.4496850316637,130.546326,,,64,0,102,0,0,0,0,0,0,0,0,0,0,0,blue
t_travospublic_measure_5m_img.23628957.202505140635,89,,9810200,1,20250514,635,,,,,,,,,,,,,,,3,202505140635,33.41916903161956,130.532642,,,,,,,1,0,0,0,0,0,0,0,0,0,blue
t_travospublic_measure_5m_img.23628958.202505140635,89,,9810210,1,20250514,635,26,9,,,,,,36,4,,,,,,3,202505140635,32.92737203089908,130.698429,,,35,0,40,0,0,0,0,0,0,0,0,0,0,0,blue
t_travospublic_measure_5m_img.23628959.202505140635,89,,9810230,1,20250514,635,4,2,,,,,,2,1,,,,,,3,202505140635,32.33541003001024,130.485852,,,6,0,3,0,0,0,0,0,0,0,0,0,0,0,blue
t_travospublic_measure_5m_img.23628960.202505140635,89,,9810250,1,20250514,635,,,,,,,,,,,,,,,3,202505140635,32.10065202965169,130.308808,,,,,,,1,0,0,0,0,1,1,0,1,0,blue
t_travospublic_measure_5m_img.23628961.202505140635,89,,9810260,1,20250514,635,,,,,,,,,,,,,,,3,202505140635,32.06933302960361,130.240833,,,,,,,1,0,0,0,0,0,0,0,0,0,blue
t_travospublic_measure_5m_img.23628962.202505140635,89,,9810270,1,20250514,635,,,,,,,,,,,,,,,3,202505140635,32.05996802958923,130.223169,,,,,,,1,0,0,0,0,0,0,0,0,0,blue
t_travospublic_measure_5m_img.23628963.202505140635,89,,9810280,1,20250514,635,,,,,,,,,,,,,,,3,202505140635,32.00103302949858,130.195866,,,,,,,1,0,0,0,0,0,0,0,0,0,blue
t_travospublic_measure_5m_img.23628964.202505140635,89,,9810290,1,20250514,635,,,,,,,,,,,,,,,3,202505140635,31.77354502914685,130.301221,,,,,,,1,0,0,0,0,0,0,0,0,0,blue
t_travospublic_measure_5m_img.23628965.202505140635,89,,9810300,1,20250514,635,,,,,,,,,,,,,,,3,202505140635,31.752394029113987,130.297198,,,,,,,1,0,0,0,0,0,0,0,0,0,blue
t_travospublic_measure_5m_img.23628966.202505140635,89,,9810310,1,20250514,635,,,,,,,,,,,,,,,3,202505140635,31.671780028988586,130.334671,,,,,,,1,0,0,0,0,0,0,0,0,0,blue
t_travospublic_measure_5m_img.23628967.202505140635,89,,9810320,1,20250514,635,,,,,,,,,,,,,,,3,202505140635,31.644384028945897,130.514685,,,,,,,1,0,0,0,0,0,0,0,0,0,blue
t_travospublic_measure_5m_img.23628968.202505140635,89,,9810330,1,20250514,635,66,9,,,,,,60,5,,,,,,3,202505140635,31.593127028865894,130.55217,,,75,0,65,0,0,0,0,0,0,0,0,0,0,0,blue
t_travospublic_measure_5m_img.23628969.202505140635,89,,9810340,1,20250514,635,,,,,,,,,,,,,,,3,202505140635,31.774587029148464,130.294585,,,,,,,1,0,0,0,0,0,0,0,0,0,blue
t_travospublic_measure_5m_img.23628970.202505140635,89,,9810350,1,20250514,635,,,,,,,,61,16,,,,,,3,202505140635,31.586173028855043,130.521497,,,,,77,0,0,0,0,0,0,0,0,0,0,0,blue
t_travospublic_measure_5m_img.23628971.202505140635,89,,9810360,1,20250514,635,25,4,,,,,,41,19,,,,,,3,202505140635,33.6356250319311,131.074923,,,29,0,60,0,0,0,0,0,0,0,0,0,0,0,blue
t_travospublic_measure_5m_img.23628972.202505140635,89,,9810370,1,20250514,635,,,,,,,,,,,,,,,3,202505140635,33.60811903189171,131.1134,,,,,,,1,0,0,0,0,0,0,0,0,0,blue
t_travospublic_measure_5m_img.23628973.202505140635,89,,9810380,1,20250514,635,21,14,,,,,,18,2,,,,,,3,202505140635,33.55407703181414,131.25154,,,35,0,20,0,0,0,0,0,0,0,0,0,0,0,blue
t_travospublic_measure_5m_img.23628974.202505140635,89,,9810390,1,20250514,635,12,6,,,,,,15,8,,,,,,3,202505140635,33.47356403169818,131.495973,,,18,0,23,0,0,0,0,0,0,0,0,0,0,0,blue
t_travospublic_measure_5m_img.23628975.202505140635,89,,9810400,1,20250514,635,35,4,,,,,,16,5,,,,,,3,202505140635,33.4199570316207,131.549075,,,39,0,21,0,0,0,0,0,0,0,0,0,0,0,blue
t_travospublic_measure_5m_img.23628976.202505140635,89,,9810410,1,20250514,635,113,8,,,,,,7,0,,,,,,3,202505140635,33.35718603152971,131.497308,,,121,0,7,0,0,0,0,0,0,0,0,0,0,0,blue
t_travospublic_measure_5m_img.23628977.202505140635,89,,9810420,1,20250514,635,24,1,,,,,,161,27,,,,,,3,202505140635,33.28844603142974,131.50415600000002,,,25,0,188,0,0,0,0,0,0,0,0,0,0,0,blue
t_travospublic_measure_5m_img.23628978.202505140635,89,,9810430,1,20250514,635,,,,,,,,,,,,,,,3,202505140635,33.1773230312674,131.619615,,,,,,,1,0,0,0,0,0,0,0,0,0,blue
t_travospublic_measure_5m_img.23628979.202505140635,89,,9810440,1,20250514,635,,,,,,,,55,6,,,,,,3,202505140635,33.091164031140934,131.647172,,,,,61,0,0,0,0,0,0,0,0,0,0,0,blue
t_travospublic_measure_5m_img.23628980.202505140635,89,,9810450,1,20250514,635,0,0,,,,,,0,0,,,,,,3,202505140635,33.07813503112177,131.638559,,,0,0,0,0,0,0,0,0,0,0,0,0,0,0,blue
t_travospublic_measure_5m_img.23628981.202505140635,89,,9810460,1,20250514,635,35,1,,,,,,11,3,,,,,,3,202505140635,33.03375103105637,131.689156,,,36,0,14,0,0,0,0,0,0,0,0,0,0,0,blue
t_travospublic_measure_5m_img.23628982.202505140635,89,,9810470,1,20250514,635,21,1,,,,,,9,2,,,,,,3,202505140635,33.001599031008915,131.788698,,,22,0,11,0,0,0,0,0,0,0,0,0,0,0,blue
t_travospublic_measure_5m_img.23628983.202505140635,89,,9810480,1,20250514,635,,,,,,,,,,,,,,,3,202505140635,32.95275303093668,131.841525,,,,,,,1,0,0,0,0,0,0,0,0,0,blue
t_travospublic_measure_5m_img.23628984.202505140635,89,,9810490,1,20250514,635,15,3,,,,,,8,4,,,,,,3,202505140635,32.92192503089102,131.801353,,,18,0,12,0,0,0,0,0,0,0,0,0,0,0,blue
t_travospublic_measure_5m_img.23628985.202505140635,89,,9810500,1,20250514,635,1,0,,,,,,1,1,,,,,,3,202505140635,32.84521503077709,131.718143,,,1,0,2,0,0,0,0,0,0,0,0,0,0,0,blue
t_travospublic_measure_5m_img.23628986.202505140635,89,,9810510,1,20250514,635,0,0,,,,,,22,11,,,,,,3,202505140635,33.53550003178742,131.301439,,,0,0,33,0,0,0,0,0,0,0,0,0,0,0,blue
t_travospublic_measure_5m_img.23628987.202505140635,89,,9810520,1,20250514,635,,,,,,,,70,8,,,,,,3,202505140635,33.17727003126732,131.636491,,,,,78,0,0,0,0,0,0,0,0,0,0,0,blue
t_travospublic_measure_5m_img.23628988.202505140635,89,,9810530,1,20250514,635,1,0,,,,,,0,0,,,,,,3,202505140635,32.76588703065887,131.69922,,,1,0,0,0,0,0,0,0,0,0,0,0,0,0,blue
t_travospublic_measure_5m_img.23628989.202505140635,89,,9810540,1,20250514,635,5,3,,,,,,1,0,,,,,,3,202505140635,32.73308003060985,131.712307,,,8,0,1,0,0,0,0,0,0,0,0,0,0,0,blue
t_travospublic_measure_5m_img.23628990.202505140635,89,,9810550,1,20250514,635,4,3,,,,,,2,1,,,,,,3,202505140635,32.680641030531355,131.69547,,,7,0,3,0,0,0,0,0,0,0,0,0,0,0,blue
t_travospublic_measure_5m_img.23628991.202505140635,89,,9810560,1,20250514,635,19,5,,,,,,8,6,,,,,,3,202505140635,32.6162990304348,131.682165,,,24,0,14,0,0,0,0,0,0,0,0,0,0,0,blue
t_travospublic_measure_5m_img.23628992.202505140635,89,,9810570,1,20250514,635,17,1,,,,,,76,5,,,,,,3,202505140635,32.58759103039164,131.676921,,,18,0,81,0,0,0,0,0,0,0,0,0,0,0,blue
t_travospublic_measure_5m_img.23628993.202505140635,89,,9810580,1,20250514,635,90,5,,,,,,48,5,,,,,,3,202505140635,32.56240603035372,131.681538,,,95,0,53,0,0,0,0,0,0,0,0,0,0,0,blue
t_travospublic_measure_5m_img.23628994.202505140635,89,,9810590,1,20250514,635,81,14,,,,,,50,6,,,,,,3,202505140635,32.512945030279155,131.682071,,,95,0,56,0,0,0,0,0,0,0,0,0,0,0,blue
t_travospublic_measure_5m_img.23628995.202505140635,89,,9810600,1,20250514,635,98,12,,,,,,0,0,,,,,,3,202505140635,32.505475030267874,131.671612,,,110,0,0,0,0,0,0,0,0,0,0,0,0,0,blue
t_travospublic_measure_5m_img.23628996.202505140635,89,,9810610,1,20250514,635,70,13,,,,,,44,8,,,,,,3,202505140635,32.48380003023514,131.65983,,,83,0,52,0,0,0,0,0,0,0,0,0,0,0,blue
t_travospublic_measure_5m_img.23628997.202505140635,89,,9810620,1,20250514,635,55,7,,,,,,30,6,,,,,,3,202505140635,32.44750003018023,131.634167,,,62,0,36,0,0,0,0,0,0,0,0,0,0,0,blue
t_travospublic_measure_5m_img.23628998.202505140635,89,,9810630,1,20250514,635,31,7,,,,,,40,14,,,,,,3,202505140635,32.34169203001978,131.615818,,,38,0,54,0,0,0,0,0,0,0,0,0,0,0,blue
t_travospublic_measure_5m_img.23628999.202505140635,89,,9810640,1,20250514,635,,,,,,,,,,,,,,,3,202505140635,32.118920029679714,131.525151,,,,,,,1,0,0,0,0,0,0,0,0,0,blue
t_travospublic_measure_5m_img.23629000.202505140635,89,,9810650,1,20250514,635,,,,,,,,,,,,,,,3,202505140635,32.04093702955998,131.469141,,,,,,,1,0,0,0,0,0,0,0,0,0,blue
t_travospublic_measure_5m_img.23629001.202505140635,89,,9810660,1,20250514,635,,,,,,,,,,,,,,,3,202505140635,31.943136029409334,131.344339,,,,,,,1,,,,,,,,,,blue
t_travospublic_measure_5m_img.23629002.202505140635,89,,9810680,1,20250514,635,,,,,,,,,,,,,,,3,202505140635,31.916759029368613,131.228421,,,,,,,1,,,,,,,,,,blue
t_travospublic_measure_5m_img.23629003.202505140635,89,,9810690,1,20250514,635,,,,,,,,,,,,,,,3,202505140635,31.831007029235955,131.126939,,,,,,,1,,,,,,,,,,blue
t_travospublic_measure_5m_img.23629004.202505140635,89,,9810700,1,20250514,635,,,,,,,,,,,,,,,3,202505140635,31.70972202904765,131.054167,,,,,,,1,,,,,,,,,,blue
t_travospublic_measure_5m_img.23629005.202505140635,89,,9810710,1,20250514,635,,,,,,,,,,,,,,,3,202505140635,31.70997802904806,131.024809,,,,,,,1,0,0,0,0,1,1,1,1,0,blue
t_travospublic_measure_5m_img.23629006.202505140635,89,,9810720,1,20250514,635,18,4,,,,,,15,13,,,,,,3,202505140635,31.661481028972545,130.889721,,,22,0,28,0,0,0,0,0,0,0,0,0,0,0,blue
t_travospublic_measure_5m_img.23629007.202505140635,89,,9810730,1,20250514,635,,,,,,,,,,,,,,,3,202505140635,31.723242029068686,130.809578,,,,,,,1,0,0,0,0,0,0,0,0,0,blue
t_travospublic_measure_5m_img.23629008.202505140635,89,,9810740,1,20250514,635,44,4,,,,,,39,10,,,,,,3,202505140635,33.30389903145224,130.368554,,,48,0,49,0,0,0,0,0,0,0,0,0,0,0,blue
t_travospublic_measure_5m_img.23629009.202505140635,89,,9810750,1,20250514,635,53,6,,,,,,51,9,,,,,,3,202505140635,33.27419603140898,130.293549,,,59,0,60,0,0,0,0,0,0,0,0,0,0,0,blue
t_travospublic_measure_5m_img.23629010.202505140635,89,,9810760,1,20250514,635,,,,,,,,,,,,,,,3,202505140635,33.26474303139519,130.245086,,,,,,,1,0,0,0,0,0,0,0,0,0,blue
t_travospublic_measure_5m_img.23629011.202505140635,89,,9810770,1,20250514,635,,,,,,,,,,,,,,,3,202505140635,33.26041603138888,130.218458,,,,,,,1,0,0,0,0,0,0,0,0,0,blue
t_travospublic_measure_5m_img.23629012.202505140635,89,,9810780,1,20250514,635,83,6,,,,,,39,4,,,,,,3,202505140635,33.23447503135101,130.18203100000002,,,89,0,43,0,0,0,0,0,0,0,0,0,0,0,blue
t_travospublic_measure_5m_img.23629013.202505140635,89,,9810790,1,20250514,635,,,,,,,,,,,,,,,3,202505140635,33.22225103133315,130.172161,,,,,,,1,0,0,0,0,0,0,0,0,0,blue
t_travospublic_measure_5m_img.23629014.202505140635,89,,9810800,1,20250514,635,38,11,,,,,,36,12,,,,,,3,202505140635,33.219025031328435,130.143217,,,49,0,48,0,0,0,0,0,0,0,0,0,0,0,blue
t_travospublic_measure_5m_img.23629015.202505140635,89,,9810810,1,20250514,635,35,10,,,,,,28,12,,,,,,3,202505140635,33.21595003132393,130.087452,,,45,0,40,0,0,0,0,0,0,0,0,0,0,0,blue
t_travospublic_measure_5m_img.23629016.202505140635,89,,9810820,1,20250514,635,14,6,,,,,,29,5,,,,,,3,202505140635,33.21877403132806,130.052459,,,20,0,34,0,0,0,0,0,0,0,0,0,0,0,blue
t_travospublic_measure_5m_img.23629017.202505140635,89,,9810830,1,20250514,635,18,3,,,,,,14,7,,,,,,3,202505140635,33.207839031312076,130.047967,,,21,0,21,0,0,0,0,0,0,0,0,0,0,0,blue
t_travospublic_measure_5m_img.23629018.202505140635,89,,9810840,1,20250514,635,3,0,,,,,,5,1,,,,,,3,202505140635,33.07291503111407,129.960829,,,3,0,6,0,0,0,0,0,0,0,0,0,0,0,blue
t_travospublic_measure_5m_img.23629019.202505140635,89,,9810850,1,20250514,635,42,8,,,,,,20,3,,,,,,3,202505140635,32.995999031000636,129.948701,,,50,0,23,0,0,0,0,0,0,0,0,0,0,0,blue
t_travospublic_measure_5m_img.23629020.202505140635,89,,9810860,1,20250514,635,,,,,,,,,,,,,,,3,202505140635,32.9044610308651,129.957531,,,,,,,1,0,0,0,0,0,0,0,0,0,blue
t_travospublic_measure_5m_img.23629021.202505140635,89,,9810870,1,20250514,635,,,,,,,,,,,,,,,3,202505140635,32.8905010308444,129.971348,,,,,,,1,0,0,0,0,0,0,0,0,0,blue
t_travospublic_measure_5m_img.23629022.202505140635,89,,9810880,1,20250514,635,49,6,,,,,,56,5,,,,,,3,202505140635,32.88569203083725,130.005514,,,55,0,61,0,0,0,0,0,0,0,0,0,0,0,blue
t_travospublic_measure_5m_img.23629023.202505140635,89,,9810890,1,20250514,635,27,6,,,,,,39,4,,,,,,3,202505140635,32.87494503082128,130.02412,,,33,0,43,0,0,0,0,0,0,0,0,0,0,0,blue
t_travospublic_measure_5m_img.23629024.202505140635,89,,9810900,1,20250514,635,15,1,,,,,,23,3,,,,,,3,202505140635,32.83967403076884,130.024592,,,16,0,26,0,0,0,0,0,0,0,0,0,0,0,blue
t_travospublic_measure_5m_img.23629025.202505140635,89,,9810910,1,20250514,635,19,4,,,,,,26,10,,,,,,3,202505140635,33.19594003129466,129.977938,,,23,0,36,0,0,0,0,0,0,0,0,0,0,0,blue
t_travospublic_measure_5m_img.23629026.202505140635,89,,9810920,1,20250514,635,,,,,,,,,,,,,,,3,202505140635,33.191150031287656,129.943948,,,,,,,1,0,0,0,0,0,0,0,0,0,blue
t_travospublic_measure_5m_img.23629027.202505140635,89,,9810930,1,20250514,635,,,,,,,,,,,,,,,3,202505140635,33.18881403128423,129.9054,,,,,,,1,0,0,0,0,0,0,0,0,0,blue
t_travospublic_measure_5m_img.23629028.202505140635,89,,9810940,1,20250514,635,11,6,,,,,,16,9,,,,,,3,202505140635,32.97184603096493,131.383534,,,17,0,25,0,0,0,0,0,0,0,0,0,0,0,blue
t_travospublic_measure_5m_img.23629029.202505140635,89,,9810950,1,20250514,635,16,7,,,,,,13,5,,,,,,3,202505140635,32.96828103095967,131.382552,,,23,0,18,0,0,0,0,0,0,0,0,0,0,0,blue
t_travospublic_measure_5m_img.23629030.202505140635,89,,9810960,1,20250514,635,2,3,,,,,,0,6,,,,,,3,202505140635,32.96091703094877,131.248695,,,5,0,6,0,0,0,0,0,0,0,0,0,0,0,blue
t_travospublic_measure_5m_img.23629031.202505140635,89,,9810970,1,20250514,635,,,,,,,,,,,,,,,3,202505140635,33.03288603105509,131.537821,,,,,,,1,0,0,0,0,0,0,0,0,0,blue
t_travospublic_measure_5m_img.23629032.202505140635,89,,9810980,1,20250514,635,,,,,,,,,,,,,,,3,202505140635,33.00262303101042,131.45315500000004,,,,,,,1,0,0,0,0,0,0,0,0,0,blue
t_travospublic_measure_5m_img.23629033.202505140635,89,,9810990,1,20250514,635,2,5,,,,,,0,5,,,,,,3,202505140635,32.96097103094884,131.244117,,,7,0,5,0,0,0,0,0,0,0,0,0,0,0,blue
t_travospublic_measure_5m_img.23629034.202505140635,89,,9811000,1,20250514,635,11,5,,,,,,20,7,,,,,,3,202505140635,32.93530403091085,131.035064,,,16,0,27,0,0,0,0,0,0,0,0,0,0,0,blue
t_travospublic_measure_5m_img.23629035.202505140635,89,,9811010,1,20250514,635,23,2,,,,,,15,3,,,,,,3,202505140635,32.87672503082393,130.954853,,,25,0,18,0,0,0,0,0,0,0,0,0,0,0,blue
t_travospublic_measure_5m_img.23629036.202505140635,89,,9811020,1,20250514,635,,,,,,,,,,,,,,,3,202505140635,32.614306030431806,130.462111,,,,,,,1,0,0,0,0,0,0,0,0,0,blue
t_travospublic_measure_5m_img.23629037.202505140635,89,,9811030,1,20250514,635,1,0,,,,,,1,0,,,,,,3,202505140635,32.72539603059835,130.251342,,,1,0,1,0,0,0,0,0,0,0,0,0,0,0,blue
t_travospublic_measure_5m_img.23629038.202505140635,89,,9811040,1,20250514,635,2,0,,,,,,0,0,,,,,,3,202505140635,32.72077403059144,130.234748,,,2,0,0,0,0,0,0,0,0,0,0,0,0,0,blue
t_travospublic_measure_5m_img.23629039.202505140635,89,,9811050,1,20250514,635,14,5,,,,,,13,2,,,,,,3,202505140635,32.73587103061402,130.209003,,,19,0,15,0,0,0,0,0,0,0,0,0,0,0,blue
t_travospublic_measure_5m_img.23629040.202505140635,89,,9811060,1,20250514,635,12,4,,,,,,16,3,,,,,,3,202505140635,32.808908030723025,130.149506,,,16,0,19,0,0,0,0,0,0,0,0,0,0,0,blue
t_travospublic_measure_5m_img.23629041.202505140635,89,,9811070,1,20250514,635,15,1,,,,,,18,0,,,,,,3,202505140635,32.836521030764146,130.094768,,,16,0,18,0,0,0,0,0,0,0,0,0,0,0,blue
t_travospublic_measure_5m_img.23629042.202505140635,89,,9811080,1,20250514,635,,,,,,,,,,,,,,,3,202505140635,32.83196203075736,130.053336,,,,,,,1,0,0,0,0,0,0,0,0,0,blue
t_travospublic_measure_5m_img.23629043.202505140635,89,,9811090,1,20250514,635,52,6,,,,,,27,4,,,,,,3,202505140635,33.61888103190713,130.568781,,,58,0,31,0,0,0,0,0,0,0,0,0,0,0,blue
t_travospublic_measure_5m_img.23629044.202505140635,89,,9811100,1,20250514,635,38,0,,,,,,15,3,,,,,,3,202505140635,33.61860003190672,130.579442,,,38,0,18,0,0,0,0,0,0,0,0,0,0,0,blue
t_travospublic_measure_5m_img.23629045.202505140635,89,,9811110,1,20250514,635,30,4,,,,,,11,1,,,,,,3,202505140635,33.62194303191151,130.588462,,,34,0,12,0,0,0,0,0,0,0,0,0,0,0,blue
t_travospublic_measure_5m_img.23629046.202505140635,89,,9811120,1,20250514,635,9,2,,,,,,5,0,,,,,,3,202505140635,33.65684603196145,130.750269,,,11,0,5,0,0,0,0,0,0,0,0,0,0,0,blue
t_travospublic_measure_5m_img.23629047.202505140635,89,,9811130,1,20250514,635,13,5,,,,,,4,0,,,,,,3,202505140635,33.6514250319537,130.761828,,,18,0,4,0,0,0,0,0,0,0,0,0,0,0,blue
t_travospublic_measure_5m_img.23629048.202505140635,89,,9811140,1,20250514,635,,,,,,,,,,,,,,,3,202505140635,33.64137503193933,130.764099,,,,,,,1,0,0,0,0,0,0,0,0,0,blue
t_travospublic_measure_5m_img.23629049.202505140635,89,,9811150,1,20250514,635,37,12,,,,,,50,11,,,,,,3,202505140635,33.65331703195642,130.807798,,,49,0,61,0,0,0,0,0,0,0,0,0,0,0,blue
t_travospublic_measure_5m_img.23629050.202505140635,89,,9811160,1,20250514,635,,,,,,,,,,,,,,,3,202505140635,33.67846703199234,130.866756,,,,,,,1,,,,,,,,,,blue
t_travospublic_measure_5m_img.23629051.202505140635,89,,9811180,1,20250514,635,,,,,,,,,,,,,,,3,202505140635,33.6231190319132,130.671342,,,,,,,1,0,0,0,0,0,0,0,0,0,blue
t_travospublic_measure_5m_img.23629052.202505140635,89,,9811190,1,20250514,635,13,11,,,,,,57,13,,,,,,3,202505140635,33.74379703208545,130.970335,,,24,0,70,0,0,0,0,0,0,0,0,0,0,0,blue
t_travospublic_measure_5m_img.23629053.202505140635,89,,9811200,1,20250514,635,6,0,,,,,,12,0,,,,,,3,202505140635,33.54615303180275,130.159402,,,6,0,12,0,0,0,0,0,0,0,0,0,0,0,blue
t_travospublic_measure_5m_img.23629054.202505140635,89,,9811210,1,20250514,635,9,1,,,,,,4,2,,,,,,3,202505140635,33.50948303174998,130.110769,,,10,0,6,0,0,0,0,0,0,0,0,0,0,0,blue
t_travospublic_measure_5m_img.23629055.202505140635,89,,9811220,1,20250514,635,7,0,,,,,,3,0,,,,,,3,202505140635,33.501667031738705,130.069167,,,7,0,3,0,0,0,0,0,0,0,0,0,0,0,blue
t_travospublic_measure_5m_img.23629056.202505140635,89,,9811230,1,20250514,635,92,2,,,,,,62,4,,,,,,3,202505140635,33.55094403180965,130.448556,,,94,0,66,0,0,0,0,0,0,0,0,0,0,0,blue
t_travospublic_measure_5m_img.23629057.202505140635,89,,9811240,1,20250514,635,27,8,,,,,,0,0,,,,,,3,202505140635,33.522842031769216,130.168427,,,35,0,0,0,0,0,0,0,0,0,0,0,0,0,blue
t_travospublic_measure_5m_img.23629058.202505140635,89,,9811250,1,20250514,635,81,6,,,,,,0,0,,,,,,3,202505140635,33.51344603175569,130.14563,,,87,0,0,0,0,0,0,0,0,0,0,0,0,0,blue
t_travospublic_measure_5m_img.23629059.202505140635,89,,9811260,1,20250514,635,2,0,,,,,,3,0,,,,,,3,202505140635,33.45431303167039,130.042275,,,2,0,3,0,0,0,0,0,0,0,0,0,0,0,blue
t_travospublic_measure_5m_img.23629060.202505140635,89,,9811270,1,20250514,635,20,3,,,,,,19,7,,,,,,3,202505140635,33.431110031636834,129.991737,,,23,0,26,0,0,0,0,0,0,0,0,0,0,0,blue
t_travospublic_measure_5m_img.23629061.202505140635,89,,9811280,1,20250514,635,3,1,,,,,,9,1,,,,,,3,202505140635,33.348904031517684,129.933234,,,4,0,10,0,0,0,0,0,0,0,0,0,0,0,blue
t_travospublic_measure_5m_img.23629062.202505140635,89,,9811290,1,20250514,635,,,,,,,,,,,,,,,3,202505140635,33.331844031492885,129.928169,,,,,,,1,0,0,0,0,0,0,0,0,0,blue
t_travospublic_measure_5m_img.23629063.202505140635,89,,9811300,1,20250514,635,,,,,,,,,,,,,,,3,202505140635,33.268208031400235,129.88248900000002,,,,,,,1,0,0,0,0,0,0,0,0,0,blue
t_travospublic_measure_5m_img.23629064.202505140635,89,,9811310,1,20250514,635,,,,,,,,,,,,,,,3,202505140635,33.24091903136041,129.850727,,,,,,,1,0,0,0,0,0,0,0,0,0,blue
t_travospublic_measure_5m_img.23629065.202505140635,89,,9811320,1,20250514,635,19,4,,,,,,8,3,,,,,,3,202505140635,33.45989003167844,130.040128,,,23,0,11,0,0,0,0,0,0,0,0,0,0,0,blue
t_travospublic_measure_5m_img.23629066.202505140635,89,,9811330,1,20250514,635,19,3,,,,,,28,6,,,,,,3,202505140635,33.38450403156936,129.984455,,,22,0,34,0,0,0,0,0,0,0,0,0,0,0,blue
t_travospublic_measure_5m_img.23629067.202505140635,89,,9811340,1,20250514,635,2,1,,,,,,9,2,,,,,,6,202505140635,33.31161503146347,130.070351,,,3,0,11,0,0,0,0,0,0,0,0,0,0,0,blue
t_travospublic_measure_5m_img.23629068.202505140635,89,,9811350,1,20250514,635,26,7,,,,,,24,8,,,,,,3,202505140635,33.304966031453795,130.076971,,,33,0,32,0,0,0,0,0,0,0,0,0,0,0,blue
t_travospublic_measure_5m_img.23629069.202505140635,89,,9811360,1,20250514,635,41,8,,,,,,24,7,,,,,,3,202505140635,33.29002103143203,130.168151,,,49,0,31,0,0,0,0,0,0,0,0,0,0,0,blue
t_travospublic_measure_5m_img.23629070.202505140635,89,,9811370,1,20250514,635,,,,,,,,,,,,,,,3,202505140635,33.327444031486486,130.034833,,,,,,,1,0,0,0,0,0,0,0,0,0,blue
t_travospublic_measure_5m_img.23629071.202505140635,89,,9811380,1,20250514,635,,,,,,,,,,,,,,,3,202505140635,33.29362203143727,130.116435,,,,,,,1,0,0,0,0,0,0,0,0,0,blue
t_travospublic_measure_5m_img.23629072.202505140635,89,,9811390,1,20250514,635,40,5,,,,,,39,4,,,,,,3,202505140635,33.03691103106103,129.918279,,,45,0,43,0,0,0,0,0,0,0,0,0,0,0,blue
t_travospublic_measure_5m_img.23629073.202505140635,89,,9811400,1,20250514,635,27,6,,,,,,15,6,,,,,,3,202505140635,32.90829103087079,130.661481,,,33,0,21,0,0,0,0,0,0,0,0,0,0,0,blue
t_travospublic_measure_5m_img.23629074.202505140635,89,,9811410,1,20250514,635,11,2,,,,,,15,0,,,,,,3,202505140635,33.01722203103198,130.439722,,,13,0,15,0,0,0,0,0,0,0,0,0,0,0,blue
t_travospublic_measure_5m_img.23629075.202505140635,89,,9811420,1,20250514,635,18,3,,,,,,22,3,,,,,,3,202505140635,33.05710503109079,130.465234,,,21,0,25,0,0,0,0,0,0,0,0,0,0,0,blue
t_travospublic_measure_5m_img.23629076.202505140635,89,,9811430,1,20250514,635,,,,,,,,,,,,,,,3,202505140635,33.176714031266506,130.407839,,,,,,,1,0,0,0,0,0,0,0,0,0,blue
t_travospublic_measure_5m_img.23629077.202505140635,89,,9811450,1,20250514,635,28,8,,,,,,20,16,,,,,,3,202505140635,33.01280003102545,130.425184,,,36,0,36,0,0,0,0,0,0,0,0,0,0,0,blue
t_travospublic_measure_5m_img.23629078.202505140635,89,,9811460,1,20250514,635,,,,,,,,,,,,,,,3,202505140635,33.140861031213944,130.422417,,,,,,,1,0,0,0,0,0,0,0,0,0,blue
t_travospublic_measure_5m_img.23629079.202505140635,89,,9811461,1,20250514,635,28,4,,,,,,26,8,,,,,,3,202505140635,33.184560031278004,130.387933,,,32,0,34,0,0,0,0,0,0,0,0,0,0,0,blue
t_travospublic_measure_5m_img.23629080.202505140635,89,,9811470,1,20250514,635,38,9,,,,,,35,16,,,,,,3,202505140635,33.0462530310748,130.431406,,,47,0,51,0,0,0,0,0,0,0,0,0,0,0,blue
t_travospublic_measure_5m_img.23629081.202505140635,89,,9811480,1,20250514,635,52,14,,,,,,23,16,,,,,,3,202505140635,33.055717031088754,130.4292,,,66,0,39,0,0,0,0,0,0,0,0,0,0,0,blue
t_travospublic_measure_5m_img.23629082.202505140635,89,,9811490,1,20250514,635,59,19,,,,,,35,15,,,,,,3,202505140635,33.069783031109466,130.42405,,,78,0,50,0,0,0,0,0,0,0,0,0,0,0,blue
t_travospublic_measure_5m_img.23629083.202505140635,89,,9811500,1,20250514,635,,,,,,,,,,,,,,,3,202505140635,33.077520031120855,130.428242,,,,,,,1,0,0,0,0,0,0,0,0,0,blue
t_travospublic_measure_5m_img.23629084.202505140635,89,,9811510,1,20250514,635,42,18,,,,,,31,11,,,,,,3,202505140635,33.08238303112801,130.433017,,,60,0,42,0,0,0,0,0,0,0,0,0,0,0,blue
t_travospublic_measure_5m_img.23629085.202505140635,89,,9811520,1,20250514,635,,,,,,,,,,,,,,,3,202505140635,33.11826103118075,130.430375,,,,,,,1,0,0,0,0,0,0,0,0,0,blue
t_travospublic_measure_5m_img.23629086.202505140635,89,,9811540,1,20250514,635,11,8,,,,,,15,3,,,,,,3,202505140635,33.15753403123839,130.478771,,,19,0,18,0,0,0,0,0,0,0,0,0,0,0,blue
t_travospublic_measure_5m_img.23629087.202505140635,89,,9811550,1,20250514,635,0,0,,,,,,0,0,,,,,,3,202505140635,33.22942603134362,130.505954,,,0,0,0,0,0,0,0,0,0,0,0,0,0,0,blue
t_travospublic_measure_5m_img.23629088.202505140635,89,,9811560,1,20250514,635,0,0,,,,,,0,0,,,,,,3,202505140635,33.23505203135184,130.507151,,,0,0,0,0,0,0,0,0,0,0,0,0,0,0,blue
t_travospublic_measure_5m_img.23629089.202505140635,89,,9811570,1,20250514,635,0,0,,,,,,0,0,,,,,,3,202505140635,33.24799503137074,130.509483,,,0,0,0,0,0,0,0,0,0,0,0,0,0,0,blue
t_travospublic_measure_5m_img.23629090.202505140635,89,,9811580,1,20250514,635,0,0,,,,,,0,0,,,,,,3,202505140635,33.25651503138319,130.509461,,,0,0,0,0,0,0,0,0,0,0,0,0,0,0,blue
t_travospublic_measure_5m_img.23629091.202505140635,89,,9811590,1,20250514,635,,,,,,,,,,,,,,,3,202505140635,33.31995703147561,130.594037,,,,,,,1,0,0,0,0,0,0,0,0,0,blue
t_travospublic_measure_5m_img.23629092.202505140635,89,,9811600,1,20250514,635,11,6,,,,,,7,2,,,,,,3,202505140635,33.345255031512394,130.730893,,,17,0,9,0,0,0,0,0,0,0,0,0,0,0,blue
t_travospublic_measure_5m_img.23629093.202505140635,89,,9811610,1,20250514,635,8,2,,,,,,10,7,,,,,,3,202505140635,33.3437500315102,130.752694,,,10,0,17,0,0,0,0,0,0,0,0,0,0,0,blue
t_travospublic_measure_5m_img.23629094.202505140635,89,,9811620,1,20250514,635,5,2,,,,,,8,2,,,,,,3,202505140635,33.33338803149515,130.801953,,,7,0,10,0,0,0,0,0,0,0,0,0,0,0,blue
t_travospublic_measure_5m_img.23629095.202505140635,89,,9811630,1,20250514,635,8,1,,,,,,10,5,,,,,,3,202505140635,33.33357603149542,130.817928,,,9,0,15,0,0,0,0,0,0,0,0,0,0,0,blue
t_travospublic_measure_5m_img.23629096.202505140635,89,,9811640,1,20250514,635,9,4,,,,,,6,6,,,,,,3,202505140635,33.33658103149978,130.839667,,,13,0,12,0,0,0,0,0,0,0,0,0,0,0,blue
t_travospublic_measure_5m_img.23629097.202505140635,89,,9811650,1,20250514,635,15,4,,,,,,8,5,,,,,,3,202505140635,33.331960031493075,130.852326,,,19,0,13,0,0,0,0,0,0,0,0,0,0,0,blue
t_travospublic_measure_5m_img.23629098.202505140635,89,,9811660,1,20250514,635,,,,,,,,,,,,,,,3,202505140635,33.307732031457824,130.915379,,,,,,,1,0,0,0,0,0,0,0,0,0,blue
t_travospublic_measure_5m_img.23629099.202505140635,89,,9811670,1,20250514,635,12,3,,,,,,19,4,,,,,,3,202505140635,33.29883403144486,130.938844,,,15,0,23,0,0,0,0,0,0,0,0,0,0,0,blue
t_travospublic_measure_5m_img.23629100.202505140635,89,,9811680,1,20250514,635,6,5,,,,,,8,3,,,,,,3,202505140635,33.29818903144393,130.952388,,,11,0,11,0,0,0,0,0,0,0,0,0,0,0,blue
t_travospublic_measure_5m_img.23629101.202505140635,89,,9811690,1,20250514,635,,,,,,,,,,,,,,,3,202505140635,33.29921203144541,130.96937,,,,,,,1,0,0,0,0,0,0,0,0,0,blue
t_travospublic_measure_5m_img.23629102.202505140635,89,,9811700,1,20250514,635,,,,,,,,,,,,,,,3,202505140635,33.261645031390664,131.01058,,,,,,,1,0,0,0,0,0,0,0,0,0,blue
t_travospublic_measure_5m_img.23629103.202505140635,89,,9811710,1,20250514,635,,,,,,,,,,,,,,,3,202505140635,33.28000003141744,131.128611,,,,,,,1,0,0,0,0,0,0,0,0,0,blue
t_travospublic_measure_5m_img.23629104.202505140635,89,,9811720,1,20250514,635,10,8,,,,,,5,4,,,,,,3,202505140635,33.237877031355964,131.175263,,,18,0,9,0,0,0,0,0,0,0,0,0,0,0,blue
t_travospublic_measure_5m_img.23629105.202505140635,89,,9811730,1,20250514,635,0,0,,,,,,0,0,,,,,,3,202505140635,33.2405000313598,131.224187,,,0,0,0,0,0,0,0,0,0,0,0,0,0,0,blue
t_travospublic_measure_5m_img.23629106.202505140635,89,,9811740,1,20250514,635,3,0,,,,,,3,4,,,,,,3,202505140635,33.25496403138093,131.328533,,,3,0,7,0,0,0,0,0,0,0,0,0,0,0,blue
t_travospublic_measure_5m_img.23629107.202505140635,89,,9811750,1,20250514,635,13,10,,,,,,7,7,,,,,,3,202505140635,33.23715803135492,131.323213,,,23,0,14,0,0,0,0,0,0,0,0,0,0,0,blue
t_travospublic_measure_5m_img.23629108.202505140635,89,,9811760,1,20250514,635,33,8,,,,,,20,3,,,,,,3,202505140635,33.18331803127619,131.452171,,,41,0,23,0,0,0,0,0,0,0,0,0,0,0,blue
t_travospublic_measure_5m_img.23629109.202505140635,89,,9811770,1,20250514,635,,,,,,,,,,,,,,,3,202505140635,31.760789029127036,131.4707,,,,,,,1,,,,,,,,,,blue
t_travospublic_measure_5m_img.23629110.202505140635,89,,9811780,1,20250514,635,,,,,,,,,,,,,,,3,202505140635,31.559046028812634,131.38327000000004,,,,,,,1,,,,,,,,,,blue
t_travospublic_measure_5m_img.23629111.202505140635,89,,9811790,1,20250514,635,,,,,,,,,,,,,,,3,202505140635,31.547715028794922,131.378628,,,,,,,1,,,,,,,,,,blue
t_travospublic_measure_5m_img.23629112.202505140635,89,,9811810,1,20250514,635,,,,,,,,,,,,,,,3,202505140635,31.45214102864519,131.212192,,,,,,,1,0,0,0,0,1,1,0,1,0,blue
t_travospublic_measure_5m_img.23629113.202505140635,89,,9811820,1,20250514,635,,,,,,,,,,,,,,,3,202505140635,31.46555602866623,131.154444,,,,,,,1,0,0,0,0,0,0,0,0,0,blue
t_travospublic_measure_5m_img.23629114.202505140635,89,,9811830,1,20250514,635,,,,,,,,,,,,,,,3,202505140635,31.447659028638157,131.051761,,,,,,,1,0,0,0,0,0,0,0,0,0,blue
t_travospublic_measure_5m_img.23629115.202505140635,89,,9811840,1,20250514,635,,,,,,,,,,,,,,,3,202505140635,31.388108028544615,130.811533,,,,,,,1,0,0,0,0,0,0,0,0,0,blue
t_travospublic_measure_5m_img.23629116.202505140635,89,,9811850,1,20250514,635,,,,,,,,,,,,,,,3,202505140635,31.41813502859181,130.764377,,,,,,,1,0,0,0,0,0,0,0,0,0,blue
t_travospublic_measure_5m_img.23629117.202505140635,89,,9811860,1,20250514,635,,,,,,,,,,,,,,,3,202505140635,31.542976028787507,130.706877,,,,,,,1,0,0,0,0,0,0,0,0,0,blue
t_travospublic_measure_5m_img.23629118.202505140635,89,,9811870,1,20250514,635,,,,,,,,,,,,,,,3,202505140635,31.557778028810663,130.718333,,,,,,,1,0,0,0,0,0,0,0,0,0,blue
t_travospublic_measure_5m_img.23629119.202505140635,89,,9811880,1,20250514,635,,,,,,,,,,,,,,,3,202505140635,31.647658028950993,130.819552,,,,,,,1,0,0,0,0,0,0,0,0,0,blue
t_travospublic_measure_5m_img.23629120.202505140635,89,,9811890,1,20250514,635,,,,,,,,,,,,,,,3,202505140635,31.413693028584817,130.760963,,,,,,,1,0,0,0,0,0,0,0,0,0,blue
t_travospublic_measure_5m_img.23629121.202505140635,89,,9811900,1,20250514,635,,,,,,,,,,,,,,,3,202505140635,31.27982902837409,130.291795,,,,,,,1,0,0,0,0,0,0,0,0,0,blue
t_travospublic_measure_5m_img.23629122.202505140635,89,,9811910,1,20250514,635,,,,,,,,,,,,,,,3,202505140635,31.2913800283923,130.293564,,,,,,,1,0,0,0,0,0,0,0,0,0,blue
t_travospublic_measure_5m_img.23629123.202505140635,89,,9811920,1,20250514,635,3,0,,,,,,8,2,,,,,,3,202505140635,31.327343028448986,130.334728,,,3,0,10,0,0,0,0,0,0,0,0,0,0,0,blue
t_travospublic_measure_5m_img.23629124.202505140635,89,,9811930,1,20250514,635,31,1,,,,,,37,2,,,,,,3,202505140635,31.494637028711818,130.506308,,,32,0,39,0,0,0,0,0,0,0,0,0,0,0,blue
t_travospublic_measure_5m_img.23629125.202505140635,89,,9811940,1,20250514,635,36,3,,,,,,46,7,,,,,,3,202505140635,31.527877028763886,130.521631,,,39,0,53,0,0,0,0,0,0,0,0,0,0,0,blue
t_travospublic_measure_5m_img.23629126.202505140635,89,,9811950,1,20250514,635,17,0,,,,,,24,7,,,,,,3,202505140635,31.289730028389716,130.60717200000002,,,17,0,31,0,0,0,0,0,0,0,0,0,0,0,blue
t_travospublic_measure_5m_img.23629127.202505140635,89,,9811960,1,20250514,635,,,,,,,,,,,,,,,3,202505140635,31.323917028443603,130.564308,,,,,,,1,0,0,0,0,0,0,0,0,0,blue
t_travospublic_measure_5m_img.23629128.202505140635,89,,9811970,1,20250514,635,,,,,,,,,,,,,,,3,202505140635,31.466390028667544,130.513245,,,,,,,1,0,0,0,0,0,0,0,0,0,blue
t_travospublic_measure_5m_img.23629129.202505140635,89,,9811980,1,20250514,635,13,5,,,,,,16,5,,,,,,3,202505140635,33.34976603151893,129.764492,,,18,0,21,0,0,0,0,0,0,0,0,0,0,0,blue
t_travospublic_measure_5m_img.23629130.202505140635,89,,9812010,1,20250514,635,115,16,,,,,,95,8,,,,,,3,202505140635,33.13956403121204,129.784069,,,131,0,103,0,0,0,0,0,0,0,0,0,0,0,blue
t_travospublic_measure_5m_img.23629131.202505140635,89,,9812020,1,20250514,635,27,2,,,,,,21,2,,,,,,3,202505140635,33.28640603142677,130.150153,,,29,0,23,0,0,0,0,0,0,0,0,0,0,0,blue
t_travospublic_measure_5m_img.23629132.202505140635,89,,9812030,1,20250514,635,32,5,,,,,,30,8,,,,,,3,202505140635,33.0852950311323,131.637799,,,37,0,38,0,0,0,0,0,0,0,0,0,0,0,blue
t_travospublic_measure_5m_img.23629133.202505140635,89,,9812040,1,20250514,635,0,0,,,,,,35,10,,,,,,3,202505140635,32.56861103036308,131.553056,,,0,0,45,0,0,0,0,0,0,0,0,0,0,0,blue
t_travospublic_measure_5m_img.23629134.202505140635,89,,9812050,1,20250514,635,67,17,,,,,,71,31,,,,,,3,202505140635,33.55027803180869,130.478333,,,84,0,102,0,0,0,0,0,0,0,0,0,0,0,blue
t_travospublic_measure_5m_img.23629135.202505140635,89,,9812060,1,20250514,635,,,,,,,,,,,,,,,3,202505140635,32.92625003089743,131.00539,,,,,,,1,0,0,0,0,0,0,0,0,0,blue
t_travospublic_measure_5m_img.23629136.202505140635,89,,9812070,1,20250514,635,,,,,,,,,,,,,,,3,202505140635,32.90000003085849,130.933611,,,,,,,1,0,0,0,0,0,0,0,0,0,blue
t_travospublic_measure_5m_img.23629137.202505140635,89,,9812080,1,20250514,635,51,4,,,,,,28,5,,,,,,3,202505140635,33.27595303141153,130.319462,,,55,0,33,0,0,0,0,0,0,0,0,0,0,0,blue
t_travospublic_measure_5m_img.23629138.202505140635,89,,9812090,1,20250514,635,,,,,,,,,,,,,,,3,202505140635,33.59653803187511,130.611685,,,,,,,1,,,,,,,,,,blue
t_travospublic_measure_5m_img.23629139.202505140635,89,,9812100,1,20250514,635,49,11,,,,,,28,16,,,,,,3,202505140635,33.05235003108379,130.430417,,,60,0,44,0,0,0,0,0,0,0,0,0,0,0,blue
t_travospublic_measure_5m_img.23629140.202505140635,89,,9812110,1,20250514,635,74,9,,,,,,102,12,,,,,,3,202505140635,33.15888903124039,129.761111,,,83,0,114,0,0,0,0,0,0,0,0,0,0,0,blue
t_travospublic_measure_5m_img.23629141.202505140635,89,,9812120,1,20250514,635,75,9,,,,,,49,4,,,,,,3,202505140635,31.737096029090242,130.677414,,,84,0,53,0,0,0,0,0,0,0,0,0,0,0,blue
t_travospublic_measure_5m_img.23629142.202505140635,89,,9812130,1,20250514,635,35,4,,,,,,19,10,,,,,,3,202505140635,33.32114903147733,130.391671,,,39,0,29,0,0,0,0,0,0,0,0,0,0,0,blue
t_travospublic_measure_5m_img.23629143.202505140635,89,,9812140,1,20250514,635,0,0,,,,,,1,0,,,,,,3,202505140635,32.733917030611096,130.31245,,,0,0,1,0,0,0,0,0,0,0,0,0,0,0,blue
t_travospublic_measure_5m_img.23629144.202505140635,90,,10810020,1,20250514,635,57,1,,,,,,19,1,,,,,,3,202505140635,26.424849820394154,127.81697970000002,,,58,0,20,0,0,0,0,0,0,0,0,0,0,0,blue
t_travospublic_measure_5m_img.23629145.202505140635,90,,10810030,1,20250514,635,0,0,,,,,,0,0,,,,,,3,202505140635,26.20527802002984,127.672778,,,0,0,0,0,0,0,0,0,0,0,0,0,0,0,blue
t_travospublic_measure_5m_img.23629146.202505140635,90,,10810040,1,20250514,635,30,18,,,,,,11,0,,,,,,3,202505140635,26.206111020031226,127.665833,,,48,0,11,0,0,0,0,0,0,0,0,0,0,0,blue
t_travospublic_measure_5m_img.23629147.202505140635,90,,10810050,1,20250514,635,6,1,,,,,,14,1,,,,,,3,202505140635,26.69152402083745,128.108879,,,7,0,15,0,0,,,,,,,,,,blue
t_travospublic_measure_5m_img.23629148.202505140635,90,,10810060,1,20250514,635,19,1,,,,,,8,0,,,,,,3,202505140635,26.634931020743306,128.037283,,,20,0,8,0,0,,,,,,,,,,blue
t_travospublic_measure_5m_img.23629149.202505140635,90,,10810070,1,20250514,635,,,,,,,,,,,,,,,3,202505140635,26.60195202068847,127.99972500000001,,,,,,,1,,,,,,,,,,blue
t_travospublic_measure_5m_img.23629150.202505140635,90,,10810080,1,20250514,635,0,0,,,,,,0,0,,,,,,3,202505140635,26.583164020657225,127.99781300000001,,,0,0,0,0,0,,,,,,,,,,blue
t_travospublic_measure_5m_img.23629151.202505140635,90,,10810090,1,20250514,635,0,0,,,,,,0,0,,,,,,3,202505140635,26.573059020640425,127.989432,,,0,0,0,0,0,,,,,,,,,,blue
t_travospublic_measure_5m_img.23629152.202505140635,90,,10810100,1,20250514,635,17,0,,,,,,35,1,,,,,,3,202505140635,26.558695020616547,127.976575,,,17,0,36,0,0,,,,,,,,,,blue
t_travospublic_measure_5m_img.23629153.202505140635,90,,10810110,1,20250514,635,86,6,,,,,,41,5,,,,,,3,202505140635,26.547043020597176,127.96594700000001,,,92,0,46,0,0,,,,,,,,,,blue
t_travospublic_measure_5m_img.23629154.202505140635,90,,10810120,1,20250514,635,96,6,,,,,,41,8,,,,,,3,202505140635,26.545420020594484,127.96513700000001,,,102,0,49,0,0,,,,,,,,,,blue
t_travospublic_measure_5m_img.23629155.202505140635,90,,10810130,1,20250514,635,0,0,,,,,,0,0,,,,,,3,202505140635,26.541292020587623,127.95978,,,0,0,0,0,0,,,,,,,,,,blue
t_travospublic_measure_5m_img.23629156.202505140635,90,,10810140,1,20250514,635,34,3,,,,,,27,4,,,,,,3,202505140635,26.536514020579673,127.935453,,,37,0,31,0,0,,,,,,,,,,blue
t_travospublic_measure_5m_img.23629157.202505140635,90,,10810150,1,20250514,635,,,,,,,,,,,,,,,3,202505140635,26.51382402054197,127.901775,,,,,,,1,,,,,,,,,,blue
t_travospublic_measure_5m_img.23629158.202505140635,90,,10810160,1,20250514,635,0,0,,,,,,0,0,,,,,,3,202505140635,26.503684020525117,127.87991000000001,,,0,0,0,0,0,,,,,,,,,,blue
t_travospublic_measure_5m_img.23629159.202505140635,90,,10810170,1,20250514,635,0,0,,,,,,0,0,,,,,,3,202505140635,26.49844302051641,127.86208000000002,,,0,0,0,0,0,,,,,,,,,,blue
t_travospublic_measure_5m_img.23629160.202505140635,90,,10810180,1,20250514,635,0,0,,,,,,0,0,,,,,,3,202505140635,26.48233402048965,127.85135699999998,,,0,0,0,0,0,,,,,,,,,,blue
t_travospublic_measure_5m_img.23629161.202505140635,90,,10810190,1,20250514,635,73,9,,,,,,22,3,,,,,,3,202505140635,26.44345902042506,127.805583,,,82,0,25,0,0,,,,,,,,,,blue
t_travospublic_measure_5m_img.23629162.202505140635,90,,10810200,1,20250514,635,110,4,,,,,,121,0,,,,,,3,202505140635,26.338860020251406,127.7508,,,114,0,121,0,0,,,,,,,,,,blue
t_travospublic_measure_5m_img.23629163.202505140635,90,,10810220,1,20250514,635,,,,,,,,,,,,,,,3,202505140635,26.26837002013446,127.73051999999998,,,,,,,1,,,,,,,,,,blue
t_travospublic_measure_5m_img.23629164.202505140635,90,,10810230,1,20250514,635,35,8,,,,,,100,5,,,,,,3,202505140635,26.266310020131048,127.72327,,,43,0,105,0,0,,,,,,,,,,blue
t_travospublic_measure_5m_img.23629165.202505140635,90,,10810240,1,20250514,635,41,3,,,,,,24,4,,,,,,3,202505140635,26.269040020135566,127.72616000000001,,,44,0,28,0,0,,,,,,,,,,blue
t_travospublic_measure_5m_img.23629166.202505140635,90,,10810260,1,20250514,635,29,5,,,,,,90,4,,,,,,3,202505140635,26.273440020142868,127.71261000000001,,,34,0,94,0,0,,,,,,,,,,blue
t_travospublic_measure_5m_img.23629167.202505140635,90,,10810270,1,20250514,635,39,4,,,,,,23,1,,,,,,3,202505140635,26.451180020437896,127.89631,,,43,0,24,0,0,,,,,,,,,,blue
t_travospublic_measure_5m_img.23629168.202505140635,90,,10810280,1,20250514,635,40,0,,,,,,30,0,,,,,,3,202505140635,26.4491400204345,127.849893,,,40,0,30,0,0,,,,,,,,,,blue
t_travospublic_measure_5m_img.23629169.202505140635,90,,10810290,1,20250514,635,23,0,,,,,,27,2,,,,,,3,202505140635,26.448972020434223,127.90855300000001,,,23,0,29,0,0,,,,,,,,,,blue
t_travospublic_measure_5m_img.23629170.202505140635,90,,10810300,1,20250514,635,37,9,,,,,,111,1,,,,,,3,202505140635,26.30711002019872,127.81338,,,46,0,112,0,0,,,,,,,,,,blue
t_travospublic_measure_5m_img.23629171.202505140635,90,,10810310,1,20250514,635,85,4,,,,,,103,1,,,,,,3,202505140635,26.287560020166286,127.81449,,,89,0,104,0,0,,,,,,,,,,blue
t_travospublic_measure_5m_img.23629172.202505140635,90,,10810320,1,20250514,635,37,12,,,,,,3,3,,,,,,3,202505140635,26.22351002006007,127.76571,,,49,0,6,0,0,,,,,,,,,,blue
t_travospublic_measure_5m_img.23629173.202505140635,90,,10810330,1,20250514,635,36,2,,,,,,72,5,,,,,,3,202505140635,26.200760020022358,127.75174999999999,,,38,0,77,0,0,,,,,,,,,,blue
t_travospublic_measure_5m_img.23629174.202505140635,90,,10810340,1,20250514,635,83,1,,,,,,69,3,,,,,,3,202505140635,26.25841002011794,127.75767000000002,,,84,0,72,0,0,,,,,,,,,,blue
t_travospublic_measure_5m_img.23629175.202505140635,90,,10810350,1,20250514,635,59,16,,,,,,152,0,,,,,,3,202505140635,26.24962002010336,127.74765,,,75,0,152,0,0,,,,,,,,,,blue
t_travospublic_measure_5m_img.23629176.202505140635,90,,10810360,1,20250514,635,118,9,,,,,,182,7,,,,,,3,202505140635,26.25443002011134,127.73508000000001,,,127,0,189,0,0,,,,,,,,,,blue
t_travospublic_measure_5m_img.23629177.202505140635,90,,10810370,1,20250514,635,145,11,,,,,,185,0,,,,,,3,202505140635,26.25456002011155,127.72416000000001,,,156,0,185,0,0,,,,,,,,,,blue
t_travospublic_measure_5m_img.23629178.202505140635,90,,10810380,1,20250514,635,85,14,,,,,,56,8,,,,,,3,202505140635,26.169530019970612,127.65168,,,99,0,64,0,0,,,,,,,,,,blue
t_travospublic_measure_5m_img.23629179.202505140635,90,,10810390,1,20250514,635,107,1,,,,,,47,3,,,,,,3,202505140635,26.154010019944888,127.65812,,,108,0,50,0,0,,,,,,,,,,blue
t_travospublic_measure_5m_img.23629180.202505140635,90,,10810400,1,20250514,635,,,,,,,,,,,,,,,3,202505140635,26.130710019906292,127.66514,,,,,,,1,,,,,,,,,,blue
t_travospublic_measure_5m_img.23629181.202505140635,90,,10810410,1,20250514,635,9,1,,,,,,20,0,,,,,,3,202505140635,26.11574001988149,127.66860000000001,,,10,0,20,0,0,,,,,,,,,,blue
t_travospublic_measure_5m_img.23629182.202505140635,90,,10810420,1,20250514,635,0,0,,,,,,0,0,,,,,,3,202505140635,26.09400001984549,127.71590000000002,,,0,0,0,0,0,,,,,,,,,,blue
t_travospublic_measure_5m_img.23629183.202505140635,90,,10810430,1,20250514,635,,,,,,,,,,,,,,,3,202505140635,26.128730019903006,127.75918999999999,,,,,,,1,,,,,,,,,,blue
t_travospublic_measure_5m_img.23629184.202505140635,90,,10810440,1,20250514,635,,,,,,,,,,,,,,,3,202505140635,26.140140019921905,127.77529,,,,,,,1,,,,,,,,,,blue
t_travospublic_measure_5m_img.23629185.202505140635,90,,10810450,1,20250514,635,4,0,,,,,,5,0,,,,,,3,202505140635,26.170060019971476,127.8265,,,4,0,5,0,0,,,,,,,,,,blue
t_travospublic_measure_5m_img.23629186.202505140635,90,,10810460,1,20250514,635,,,,,,,,,,,,,,,3,202505140635,26.20426002002816,127.652556,,,,,,,1,,,,,,,,,,blue
t_travospublic_measure_5m_img.23629187.202505140635,90,,10810470,1,20250514,635,72,4,,,,,,190,11,,,,,,3,202505140635,26.209250020036425,127.73744999999998,,,76,0,201,0,0,,,,,,,,,,blue
t_travospublic_measure_5m_img.23629188.202505140635,90,,10810480,1,20250514,635,133,3,,,,,,41,51,,,,,,3,202505140635,26.18171001999079,127.73158000000001,,,136,0,92,0,0,,,,,,,,,,blue
t_travospublic_measure_5m_img.23629189.202505140635,90,,10810490,1,20250514,635,95,7,,,,,,123,8,,,,,,3,202505140635,26.17543001998038,127.70638000000001,,,102,0,131,0,0,,,,,,,,,,blue
t_travospublic_measure_5m_img.23629190.202505140635,90,,10810510,1,20250514,635,,,,,,,,,,,,,,,3,202505140635,26.17208001997483,127.69662,,,,,,,1,,,,,,,,,,blue
t_travospublic_measure_5m_img.23629191.202505140635,90,,10810520,1,20250514,635,12,0,,,,,,37,20,,,,,,3,202505140635,26.17121001997338,127.67963999999999,,,12,0,57,0,0,,,,,,,,,,blue
