FID,地方整備局等番号,開発建設部／都道府県コード,常時観測点コード,収集時間フラグ（5分間／1時間）,観測年月日,時間帯,上り・小型交通量,上り・大型交通量,上り・車種判別不能交通量,上り・停電,上り・ループ異常,上り・超音波異常,上り・欠測,下り・小型交通量,下り・大型交通量,下り・車種判別不能交通量,下り・停電,下り・ループ異常,下り・超音波異常,下り・欠測,道路種別,時間コード,lat,lng,lng2,lat2,上り・自動車交通量,上り・小型大型判別不能交通量,下り・自動車交通量,下り・小型大型判別不能交通量,カメラプリセット位置,気象影響による映像不良,照度不足,突発事象（交通事故等）,サーバの稼働,カメラの映像受信,映像のデコード処理,デコード映像から映像解析機能への取込加工処理の失敗,映像解析機能のフリーズ,その他エラー,color
t_travospublic_measure_5m.26307622.202505212115,82,,2110010,1,20250521,2115,6,7,0,0,0,0,0,7,2,0,0,0,0,0,3,202505212115,37.110573456365614,140.1455465,,,,,,,,,,,,,,,,,
t_travospublic_measure_5m.26307623.202505212115,82,,2110017,1,20250521,2115,57,3,0,0,0,0,0,48,6,0,0,0,0,0,3,202505212115,37.37338104665072,140.3483355,,,,,,,,,,,,,,,,,
t_travospublic_measure_5m.26307624.202505212115,82,,2110019,1,20250521,2115,66,8,0,0,0,0,0,51,4,0,0,0,0,0,3,202505212115,37.46431627674753,140.3769493,,,,,,,,,,,,,,,,,
t_travospublic_measure_5m.26307625.202505212115,82,,2110021,1,20250521,2115,34,6,0,0,0,0,0,19,2,0,0,0,0,0,3,202505212115,37.606841446897334,140.4677635,,,,,,,,,,,,,,,,,
t_travospublic_measure_5m.26307626.202505212115,82,,2110030,1,20250521,2115,36,4,0,0,0,0,0,45,3,0,0,0,0,0,3,202505212115,37.73677529703182,140.4665726,,,,,,,,,,,,,,,,,
t_travospublic_measure_5m.26307627.202505212115,82,,2110040,1,20250521,2115,14,3,0,0,0,0,0,31,2,0,0,0,0,0,3,202505212115,37.807813217104496,140.4958221,,,,,,,,,,,,,,,,,
t_travospublic_measure_5m.26307628.202505212115,82,,2110060,1,20250521,2115,47,5,0,0,0,0,0,41,2,0,0,0,0,0,3,202505212115,38.085083367382396,140.8283056,,,,,,,,,,,,,,,,,
t_travospublic_measure_5m.26307629.202505212115,82,,2110061,1,20250521,2115,5,0,1,0,0,0,0,7,0,1,0,0,0,0,3,202505212115,39.627223038752774,141.927215,,,,,,,,,,,,,,,,,
t_travospublic_measure_5m.26307630.202505212115,82,,2110062,1,20250521,2115,11,0,0,0,0,0,0,1,1,0,0,0,0,0,3,202505212115,39.659168038777906,141.92916800000003,,,,,,,,,,,,,,,,,
t_travospublic_measure_5m.26307631.202505212115,82,,2110063,1,20250521,2115,5,0,0,0,0,0,0,2,0,0,0,0,0,0,3,202505212115,39.73009903883322,141.960134,,,,,,,,,,,,,,,,,
t_travospublic_measure_5m.26307632.202505212115,82,,2110065,1,20250521,2115,58,0,0,0,0,0,0,51,2,0,0,0,0,0,3,202505212115,38.15208336744814,140.8853611,,,,,,,,,,,,,,,,,
t_travospublic_measure_5m.26307633.202505212115,82,,2110080,1,20250521,2115,59,6,0,0,0,0,0,49,3,0,0,0,0,0,3,202505212115,38.34041670763003,140.8834444,,,,,,,,,,,,,,,,,
t_travospublic_measure_5m.26307634.202505212115,82,,2110081,1,20250521,2115,30,2,0,0,0,0,0,0,0,0,0,0,0,0,3,202505212115,38.34313892763262,140.8802778,,,,,,,,,,,,,,,,,
t_travospublic_measure_5m.26307635.202505212115,82,,2110090,1,20250521,2115,17,2,0,0,0,0,0,14,3,0,0,0,0,0,3,202505212115,38.60986114788262,140.9828333,,,,,,,,,,,,,,,,,
t_travospublic_measure_5m.26307636.202505212115,82,,2110091,1,20250521,2115,7,1,0,0,0,0,0,13,1,0,0,0,0,0,3,202505212115,38.83405559808584,141.0848056,,,,,,,,,,,,,,,,,
t_travospublic_measure_5m.26307637.202505212115,82,,2110092,1,20250521,2115,18,2,0,0,0,0,0,5,2,0,0,0,0,0,3,202505212115,38.930416038171224,141.117432,,,,,,,,,,,,,,,,,
t_travospublic_measure_5m.26307638.202505212115,82,,2110093,1,20250521,2115,11,0,0,0,0,0,0,8,1,1,0,0,0,0,3,202505212115,39.003777838235415,141.1133766,,,,,,,,,,,,,,,,,
t_travospublic_measure_5m.26307639.202505212115,82,,2110095,1,20250521,2115,9,1,0,0,0,0,0,13,1,0,0,0,0,0,3,202505212115,39.166645038375485,141.142913,,,,,,,,,,,,,,,,,
t_travospublic_measure_5m.26307640.202505212115,82,,2110101,1,20250521,2115,9,0,0,0,0,0,0,11,1,0,0,0,0,0,3,202505212115,39.41215882858007,141.1284828,,,,,,,,,,,,,,,,,
t_travospublic_measure_5m.26307641.202505212115,82,,2110102,1,20250521,2115,5,0,0,0,0,0,0,19,1,0,0,0,0,0,3,202505212115,39.486604768640554,141.1422372,,,,,,,,,,,,,,,,,
t_travospublic_measure_5m.26307642.202505212115,82,,2110103,1,20250521,2115,37,3,0,0,0,0,0,39,0,0,0,0,0,0,3,202505212115,39.668019038784855,141.15759,,,,,,,,,,,,,,,,,
t_travospublic_measure_5m.26307643.202505212115,82,,2110106,1,20250521,2115,38,2,0,0,0,0,0,31,0,0,0,0,0,0,3,202505212115,39.70774803881587,141.165401,,,,,,,,,,,,,,,,,
t_travospublic_measure_5m.26307644.202505212115,82,,2110110,1,20250521,2115,14,1,0,0,0,0,0,24,1,0,0,0,0,0,3,202505212115,39.7581439588549,141.134491,,,,,,,,,,,,,,,,,
t_travospublic_measure_5m.26307645.202505212115,82,,2110120,1,20250521,2115,4,0,0,0,0,0,0,3,4,0,0,0,0,0,3,202505212115,40.24861199921695,141.2695885,,,,,,,,,,,,,,,,,
t_travospublic_measure_5m.26307646.202505212115,82,,2110121,1,20250521,2115,0,1,0,0,0,0,0,4,0,0,0,0,0,0,3,202505212115,40.33516094927743,141.2985134,,,,,,,,,,,,,,,,,
t_travospublic_measure_5m.26307647.202505212115,82,,2110129,1,20250521,2115,4,0,0,0,0,0,0,6,1,0,0,0,0,0,3,202505212115,40.60877243946183,141.2602758,,,,,,,,,,,,,,,,,
t_travospublic_measure_5m.26307648.202505212115,82,,2110130,1,20250521,2115,0,0,6,0,0,1,0,0,0,10,0,0,1,0,3,202505212115,40.65837352949415,141.1919975,,,,,,,,,,,,,,,,,
t_travospublic_measure_5m.26307649.202505212115,82,,2110132,1,20250521,2115,7,0,1,0,0,0,0,6,0,0,0,0,0,0,3,202505212115,40.685015229511365,141.1707866,,,,,,,,,,,,,,,,,
t_travospublic_measure_5m.26307650.202505212115,82,,2110140,1,20250521,2115,10,1,0,0,0,0,0,4,0,0,0,0,0,0,3,202505212115,40.89885213964595,140.8603907,,,,,,,,,,,,,,,,,
t_travospublic_measure_5m.26307651.202505212115,82,,2110143,1,20250521,2115,12,1,0,0,0,0,0,8,0,0,0,0,0,0,3,202505212115,39.946858248998055,141.2168884,,,,,,,,,,,,,,,,,
t_travospublic_measure_5m.26307652.202505212115,82,,2110144,1,20250521,2115,7,3,0,0,1,0,0,6,1,0,0,1,0,0,3,202505212115,40.83186565960448,141.1289549,,,,,,,,,,,,,,,,,
t_travospublic_measure_5m.26307653.202505212115,82,,2110150,1,20250521,2115,13,2,0,0,0,0,0,4,2,0,0,0,0,0,3,202505212115,36.857960956084185,140.7891727,,,,,,,,,,,,,,,,,
t_travospublic_measure_5m.26307654.202505212115,82,,2110160,1,20250521,2115,34,3,0,0,0,0,0,30,1,0,0,0,0,0,3,202505212115,36.92281008615712,140.8423448,,,,,,,,,,,,,,,,,
t_travospublic_measure_5m.26307655.202505212115,82,,2110161,1,20250521,2115,15,9,0,0,0,0,0,21,0,0,0,0,0,0,3,202505212115,37.03306503628002,140.911907,,,,,,,,,,,,,,,,,
t_travospublic_measure_5m.26307656.202505212115,82,,2110162,1,20250521,2115,15,0,0,0,0,0,0,9,0,0,0,0,0,0,3,202505212115,37.11549536637102,140.9974993,,,,,,,,,,,,,,,,,
t_travospublic_measure_5m.26307657.202505212115,82,,2110163,1,20250521,2115,2,4,0,0,0,0,0,1,1,0,0,0,0,0,3,202505212115,37.38527750666344,141.0086632,,,,,,,,,,,,,,,,,
t_travospublic_measure_5m.26307658.202505212115,82,,2110165,1,20250521,2115,14,1,0,0,0,0,0,10,1,0,0,0,0,0,3,202505212115,37.63270112692426,140.9856901,,,,,,,,,,,,,,,,,
t_travospublic_measure_5m.26307659.202505212115,82,,2110168,1,20250521,2115,2,0,0,0,0,0,0,14,3,0,0,0,0,0,3,202505212115,37.81498403711179,140.943249,,,,,,,,,,,,,,,,,
t_travospublic_measure_5m.26307660.202505212115,82,,2110170,1,20250521,2115,10,3,0,0,0,0,0,8,2,0,0,0,0,0,3,202505212115,37.89520971719308,140.9035528,,,,,,,,,,,,,,,,,
t_travospublic_measure_5m.26307661.202505212115,82,,2110173,1,20250521,2115,22,0,0,0,0,0,0,17,0,0,0,0,0,0,3,202505212115,37.094818366348264,140.9771016,,,,,,,,,,,,,,,,,
t_travospublic_measure_5m.26307662.202505212115,82,,2110180,1,20250521,2115,19,1,0,0,0,0,0,8,1,0,0,0,0,0,3,202505212115,38.065333367362896,140.8600833,,,,,,,,,,,,,,,,,
t_travospublic_measure_5m.26307663.202505212115,82,,2110190,1,20250521,2115,0,0,0,0,0,0,0,8,2,0,0,0,0,0,1,202505212115,38.69140541795727,139.678824,,,,,,,,,,,,,,,,,
t_travospublic_measure_5m.26307664.202505212115,82,,2110191,1,20250521,2115,3,0,0,0,0,1,0,9,1,0,0,0,0,0,3,202505212115,38.96127130819829,139.8400569,,,,,,,,,,,,,,,,,
t_travospublic_measure_5m.26307665.202505212115,82,,2110192,1,20250521,2115,16,0,0,0,0,0,0,22,0,0,0,0,0,0,3,202505212115,38.794079918050066,139.83442430000002,,,,,,,,,,,,,,,,,
t_travospublic_measure_5m.26307666.202505212115,82,,2110193,1,20250521,2115,17,0,0,0,0,0,0,21,0,0,0,0,0,0,3,202505212115,38.787431758044086,139.8346764,,,,,,,,,,,,,,,,,
t_travospublic_measure_5m.26307667.202505212115,82,,2110194,1,20250521,2115,2,0,0,0,0,0,0,1,0,0,0,0,0,0,3,202505212115,38.69287924795862,139.6478605,,,,,,,,,,,,,,,,,
t_travospublic_measure_5m.26307668.202505212115,82,,2110195,1,20250521,2115,1,0,0,0,0,0,0,2,4,0,0,0,0,0,3,202505212115,38.61589808788817,139.5797968,,,,,,,,,,,,,,,,,
t_travospublic_measure_5m.26307669.202505212115,82,,2110196,1,20250521,2115,14,1,0,0,0,0,0,22,0,0,0,0,0,0,3,202505212115,38.83854814808984,139.8486963,,,,,,,,,,,,,,,,,
t_travospublic_measure_5m.26307670.202505212115,82,,2110197,1,20250521,2115,10,1,0,0,0,0,0,4,0,0,0,0,0,0,3,202505212115,38.71753625798101,139.7594082,,,,,,,,,,,,,,,,,
t_travospublic_measure_5m.26307671.202505212115,82,,2110198,1,20250521,2115,17,1,0,0,0,0,0,4,1,0,0,0,0,0,3,202505212115,38.71622198797982,139.7565651,,,,,,,,,,,,,,,,,
t_travospublic_measure_5m.26307672.202505212115,82,,2110199,1,20250521,2115,3,1,0,0,0,0,0,2,3,0,0,0,0,0,1,202505212115,38.60695292787995,139.5878005,,,,,,,,,,,,,,,,,
t_travospublic_measure_5m.26307673.202505212115,82,,2110201,1,20250521,2115,1,0,0,0,0,0,0,8,2,0,0,0,0,0,1,202505212115,38.666421037934484,139.623761,,,,,,,,,,,,,,,,,
t_travospublic_measure_5m.26307674.202505212115,82,,2110202,1,20250521,2115,10,0,0,0,0,0,0,15,4,0,0,0,0,0,3,202505212115,39.62387474875015,140.0681964,,,,,,,,,,,,,,,,,
t_travospublic_measure_5m.26307675.202505212115,82,,2110203,1,20250521,2115,1,0,0,0,0,0,0,0,0,0,0,0,0,0,3,202505212115,39.240899018438185,139.9362623,,,,,,,,,,,,,,,,,
t_travospublic_measure_5m.26307676.202505212115,82,,2110204,1,20250521,2115,3,1,0,0,0,0,0,0,0,0,0,0,0,0,3,202505212115,39.290490888479674,139.9747431,,,,,,,,,,,,,,,,,
t_travospublic_measure_5m.26307677.202505212115,82,,2110205,1,20250521,2115,3,0,0,0,0,0,0,6,1,0,0,0,0,0,3,202505212115,39.11912903833497,139.876447,,,,,,,,,,,,,,,,,
t_travospublic_measure_5m.26307678.202505212115,82,,2110208,1,20250521,2115,8,0,0,0,0,0,0,16,1,0,0,0,0,0,3,202505212115,39.38953603856155,140.030682,,,,,,,,,,,,,,,,,
t_travospublic_measure_5m.26307679.202505212115,82,,2110210,1,20250521,2115,11,1,0,0,0,0,0,23,0,0,0,0,0,0,3,202505212115,39.79539903888355,140.0622,,,,,,,,,,,,,,,,,
t_travospublic_measure_5m.26307680.202505212115,82,,2110212,1,20250521,2115,13,0,0,0,0,0,0,9,4,0,0,0,0,0,3,202505212115,39.718472038824196,140.083211,,,,,,,,,,,,,,,,,
t_travospublic_measure_5m.26307681.202505212115,82,,2110213,1,20250521,2115,10,0,0,0,0,0,0,6,0,0,0,0,0,0,3,202505212115,39.52539935867177,140.0518185,,,,,,,,,,,,,,,,,
t_travospublic_measure_5m.26307682.202505212115,82,,2110214,1,20250521,2115,5,0,0,0,0,0,0,7,0,0,0,0,0,0,3,202505212115,39.90494615896667,140.076382,,,,,,,,,,,,,,,,,
t_travospublic_measure_5m.26307683.202505212115,82,,2110215,1,20250521,2115,5,0,0,0,0,0,0,3,0,1,0,0,0,0,3,202505212115,40.065833339085835,140.0683333,,,,,,,,,,,,,,,,,
t_travospublic_measure_5m.26307684.202505212115,82,,2110216,1,20250521,2115,5,1,1,0,0,0,0,6,0,0,0,0,0,0,3,202505212115,40.265277839228666,140.5313889,,,,,,,,,,,,,,,,,
t_travospublic_measure_5m.26307685.202505212115,82,,2110217,1,20250521,2115,7,1,0,0,0,0,0,4,1,0,0,0,0,0,3,202505212115,40.270277839232186,140.5355556,,,,,,,,,,,,,,,,,
t_travospublic_measure_5m.26307686.202505212115,82,,2110218,1,20250521,2115,19,1,0,0,0,0,0,24,1,0,0,0,0,0,3,202505212115,40.191666739176576,140.0327778,,,,,,,,,,,,,,,,,
t_travospublic_measure_5m.26307687.202505212115,82,,2110219,1,20250521,2115,8,1,0,0,0,0,0,3,1,0,0,0,0,0,3,202505212115,40.21805563919535,140.2775,,,,,,,,,,,,,,,,,
t_travospublic_measure_5m.26307688.202505212115,82,,2110220,1,20250521,2115,2,0,0,0,0,0,0,4,0,0,0,0,0,0,3,202505212115,40.16138893915495,140.0391667,,,,,,,,,,,,,,,,,
t_travospublic_measure_5m.26307689.202505212115,82,,2110222,1,20250521,2115,4,0,0,0,0,0,0,2,0,0,0,0,0,0,3,202505212115,40.30694443925781,140.5725,,,,,,,,,,,,,,,,,
t_travospublic_measure_5m.26307690.202505212115,82,,2110223,1,20250521,2115,6,1,0,0,1,0,0,6,3,0,0,1,0,0,3,202505212115,39.36220703853908,140.071293,,,,,,,,,,,,,,,,,
t_travospublic_measure_5m.26307691.202505212115,82,,2110224,1,20250521,2115,2,1,0,0,1,0,0,1,1,0,0,1,0,0,1,202505212115,39.36444603854093,140.074878,,,,,,,,,,,,,,,,,
t_travospublic_measure_5m.26307692.202505212115,82,,2110225,1,20250521,2115,5,3,0,0,0,0,0,4,1,0,0,0,0,0,1,202505212115,39.368414038544195,140.07776,,,,,,,,,,,,,,,,,
t_travospublic_measure_5m.26307693.202505212115,82,,2110226,1,20250521,2115,4,3,0,0,1,0,0,0,0,5,0,0,1,0,1,202505212115,39.476483038632374,140.053604,,,,,,,,,,,,,,,,,
t_travospublic_measure_5m.26307694.202505212115,82,,2110228,1,20250521,2115,1,1,0,0,0,0,0,0,0,0,0,0,1,0,1,202505212115,39.5459050386882,140.072661,,,,,,,,,,,,,,,,,
t_travospublic_measure_5m.26307695.202505212115,82,,2110229,1,20250521,2115,0,0,1,0,0,0,0,0,0,0,0,0,0,0,3,202505212115,40.23000003920379,140.487951,,,,,,,,,,,,,,,,,
t_travospublic_measure_5m.26307696.202505212115,82,,2110230,1,20250521,2115,4,0,0,0,0,0,0,2,3,0,0,0,0,0,3,202505212115,40.383333339310646,140.6033333,,,,,,,,,,,,,,,,,
t_travospublic_measure_5m.26307697.202505212115,82,,2110231,1,20250521,2115,2,0,0,0,0,0,0,3,0,0,0,0,0,0,3,202505212115,40.461176699363655,140.6358415,,,,,,,,,,,,,,,,,
t_travospublic_measure_5m.26307698.202505212115,82,,2110232,1,20250521,2115,4,0,0,0,0,0,0,5,1,0,0,0,0,0,3,202505212115,40.20138893918351,140.3794444,,,,,,,,,,,,,,,,,
t_travospublic_measure_5m.26307699.202505212115,82,,2110233,1,20250521,2115,2,2,0,0,0,0,0,6,0,0,0,0,0,0,1,202505212115,38.96155603819856,139.859806,,,,,,,,,,,,,,,,,
t_travospublic_measure_5m.26307700.202505212115,82,,2110234,1,20250521,2115,18,1,0,0,0,0,0,9,1,1,0,0,0,0,3,202505212115,40.572207559437786,140.5234194,,,,,,,,,,,,,,,,,
t_travospublic_measure_5m.26307701.202505212115,82,,2110235,1,20250521,2115,26,0,0,0,0,0,0,0,0,20,0,0,0,0,3,202505212115,40.604830129459245,140.4990006,,,,,,,,,,,,,,,,,
t_travospublic_measure_5m.26307702.202505212115,82,,2110236,1,20250521,2115,2,0,0,0,0,0,0,3,0,0,0,0,0,0,1,202505212115,39.00850003823954,139.856924,,,,,,,,,,,,,,,,,
t_travospublic_measure_5m.26307703.202505212115,82,,2110237,1,20250521,2115,1,0,0,0,0,0,0,0,0,0,0,0,0,0,1,202505212115,39.05087603827627,139.890254,,,,,,,,,,,,,,,,,
t_travospublic_measure_5m.26307704.202505212115,82,,2110240,1,20250521,2115,10,1,0,0,0,0,0,19,1,0,0,0,0,0,3,202505212115,40.65713639949334,140.5082703,,,,,,,,,,,,,,,,,
t_travospublic_measure_5m.26307705.202505212115,82,,2110249,1,20250521,2115,17,1,2,0,0,0,0,5,1,1,0,1,1,0,3,202505212115,40.83099501960394,140.661875,,,,,,,,,,,,,,,,,
t_travospublic_measure_5m.26307706.202505212115,82,,2110250,1,20250521,2115,19,1,0,0,0,0,0,16,0,0,0,0,0,0,3,202505212115,40.76685914956362,140.5902386,,,,,,,,,,,,,,,,,
t_travospublic_measure_5m.26307707.202505212115,82,,2110251,1,20250521,2115,33,3,0,0,0,1,0,43,2,0,0,0,0,0,3,202505212115,40.824380649599796,140.7354641,,,,,,,,,,,,,,,,,
t_travospublic_measure_5m.26307708.202505212115,82,,2110252,1,20250521,2115,19,3,0,0,0,0,0,0,0,28,0,0,1,0,3,202505212115,40.799711479584346,140.7014751,,,,,,,,,,,,,,,,,
t_travospublic_measure_5m.26307709.202505212115,82,,2110253,1,20250521,2115,5,0,1,0,0,0,0,6,1,2,0,0,0,0,3,202505212115,40.824656679599975,140.8112526,,,,,,,,,,,,,,,,,
t_travospublic_measure_5m.26307710.202505212115,82,,2110255,1,20250521,2115,0,0,0,0,0,0,0,17,2,0,0,0,0,0,3,202505212115,40.797144969582746,140.7363653,,,,,,,,,,,,,,,,,
t_travospublic_measure_5m.26307711.202505212115,82,,2110256,1,20250521,2115,28,0,0,0,0,0,0,0,0,0,0,0,0,0,3,202505212115,40.79522813958153,140.7503128,,,,,,,,,,,,,,,,,
t_travospublic_measure_5m.26307712.202505212115,82,,2110258,1,20250521,2115,3,0,0,0,0,0,0,5,0,0,0,0,0,0,3,202505212115,39.75613893885337,141.9645833,,,,,,,,,,,,,,,,,
t_travospublic_measure_5m.26307713.202505212115,82,,2110260,1,20250521,2115,25,1,0,0,0,0,0,35,3,0,0,0,0,0,3,202505212115,37.766077747061864,140.4643813,,,,,,,,,,,,,,,,,
t_travospublic_measure_5m.26307714.202505212115,82,,2110270,1,20250521,2115,1,1,0,0,0,0,0,2,0,0,0,0,0,0,3,202505212115,37.82286602711981,140.2786356,,,,,,,,,,,,,,,,,
t_travospublic_measure_5m.26307715.202505212115,82,,2110271,1,20250521,2115,0,0,0,0,0,0,0,6,3,0,0,0,0,0,3,202505212115,37.89655074719443,140.1500818,,,,,,,,,,,,,,,,,
t_travospublic_measure_5m.26307716.202505212115,82,,2110272,1,20250521,2115,0,0,0,0,0,0,0,2,2,0,0,0,0,0,3,202505212115,37.92749748722557,140.13487,,,,,,,,,,,,,,,,,
t_travospublic_measure_5m.26307717.202505212115,82,,2110280,1,20250521,2115,17,1,0,0,0,0,0,21,2,0,0,0,0,0,3,202505212115,37.99971367729781,140.14494900000003,,,,,,,,,,,,,,,,,
t_travospublic_measure_5m.26307718.202505212115,82,,2110290,1,20250521,2115,16,1,0,0,0,0,0,19,2,0,0,0,0,0,3,202505212115,38.1302779674268,140.2258229,,,,,,,,,,,,,,,,,
t_travospublic_measure_5m.26307719.202505212115,82,,2110291,1,20250521,2115,17,0,0,0,0,0,0,18,3,0,0,0,0,0,3,202505212115,38.159814097455694,140.3001308,,,,,,,,,,,,,,,,,
t_travospublic_measure_5m.26307720.202505212115,82,,2110292,1,20250521,2115,25,3,0,0,0,0,0,16,3,0,0,0,0,0,3,202505212115,38.100793197397856,140.2046442,,,,,,,,,,,,,,,,,
t_travospublic_measure_5m.26307721.202505212115,82,,2110294,1,20250521,2115,1,0,0,0,0,0,0,2,1,0,0,0,0,0,3,202505212115,37.767613677063444,140.8648291,,,,,,,,,,,,,,,,,
t_travospublic_measure_5m.26307722.202505212115,82,,2110295,1,20250521,2115,3,0,0,0,0,0,0,4,0,0,0,0,0,0,3,202505212115,37.75423885704973,140.7090153,,,,,,,,,,,,,,,,,
t_travospublic_measure_5m.26307723.202505212115,82,,2110296,1,20250521,2115,2,1,0,0,0,0,0,6,0,0,0,0,0,0,3,202505212115,37.75978319705542,140.5958156,,,,,,,,,,,,,,,,,
t_travospublic_measure_5m.26307724.202505212115,82,,2110297,1,20250521,2115,2,0,0,0,0,0,0,2,0,0,0,0,0,0,3,202505212115,37.78113503707728,140.573819,,,,,,,,,,,,,,,,,
t_travospublic_measure_5m.26307725.202505212115,82,,2110298,1,20250521,2115,2,0,0,0,0,0,0,3,0,0,0,0,0,0,3,202505212115,37.81669203711354,140.530266,,,,,,,,,,,,,,,,,
t_travospublic_measure_5m.26307726.202505212115,82,,2110299,1,20250521,2115,3,0,0,0,0,0,0,1,1,0,0,0,0,0,3,202505212115,37.83294203713006,140.49615,,,,,,,,,,,,,,,,,
t_travospublic_measure_5m.26307727.202505212115,82,,2110300,1,20250521,2115,5,5,0,0,0,0,0,0,1,0,0,0,0,0,1,202505212115,37.79582169709228,140.4130094,,,,,,,,,,,,,,,,,
t_travospublic_measure_5m.26307728.202505212115,82,,2110301,1,20250521,2115,1,0,0,0,0,0,0,1,0,0,0,0,0,0,3,202505212115,37.8687824871664,140.2279023,,,,,,,,,,,,,,,,,
t_travospublic_measure_5m.26307729.202505212115,82,,2110305,1,20250521,2115,48,1,0,0,0,0,0,33,1,0,0,0,0,0,3,202505212115,38.32857829761873,140.3671432,,,,,,,,,,,,,,,,,
t_travospublic_measure_5m.26307730.202505212115,82,,2110307,1,20250521,2115,7,0,0,0,0,0,0,20,0,0,0,0,0,0,3,202505212115,38.48098003776293,140.382831,,,,,,,,,,,,,,,,,
t_travospublic_measure_5m.26307731.202505212115,82,,2110308,1,20250521,2115,10,1,0,0,0,0,0,6,1,0,0,0,0,0,1,202505212115,38.56804854784401,140.4001378,,,,,,,,,,,,,,,,,
t_travospublic_measure_5m.26307732.202505212115,82,,2110309,1,20250521,2115,0,1,0,0,0,0,0,4,1,0,0,0,0,0,1,202505212115,38.42500003771029,140.352222,,,,,,,,,,,,,,,,,
t_travospublic_measure_5m.26307733.202505212115,82,,2110310,1,20250521,2115,7,0,0,0,0,0,0,9,0,0,0,0,0,0,3,202505212115,38.57581640785121,140.403707,,,,,,,,,,,,,,,,,
t_travospublic_measure_5m.26307734.202505212115,82,,2110311,1,20250521,2115,8,1,0,0,0,0,0,5,0,0,0,0,0,0,1,202505212115,38.5505555978278,140.3888889,,,,,,,,,,,,,,,,,
t_travospublic_measure_5m.26307735.202505212115,82,,2110312,1,20250521,2115,10,5,0,0,0,0,0,9,2,0,0,0,0,0,3,202505212115,38.618265997890354,140.3838155,,,,,,,,,,,,,,,,,
t_travospublic_measure_5m.26307736.202505212115,82,,2110313,1,20250521,2115,14,1,0,0,0,0,0,13,3,0,0,0,0,0,3,202505212115,38.676631947943804,140.3212881,,,,,,,,,,,,,,,,,
t_travospublic_measure_5m.26307737.202505212115,82,,2110314,1,20250521,2115,13,4,0,0,0,0,0,14,3,0,0,0,0,0,3,202505212115,38.71993903798319,140.308757,,,,,,,,,,,,,,,,,
t_travospublic_measure_5m.26307738.202505212115,82,,2110315,1,20250521,2115,6,0,0,0,0,0,0,9,0,0,0,0,0,0,3,202505212115,38.8033716780584,140.3206605,,,,,,,,,,,,,,,,,
t_travospublic_measure_5m.26307739.202505212115,82,,2110316,1,20250521,2115,2,1,0,0,0,0,0,1,1,0,0,0,0,0,3,202505212115,38.76592131802475,140.2832866,,,,,,,,,,,,,,,,,
t_travospublic_measure_5m.26307740.202505212115,82,,2110317,1,20250521,2115,0,0,0,0,0,0,0,1,1,0,0,0,0,0,3,202505212115,38.92122303816311,140.328884,,,,,,,,,,,,,,,,,
t_travospublic_measure_5m.26307741.202505212115,82,,2110318,1,20250521,2115,1,0,0,0,0,0,0,1,2,0,0,0,0,0,3,202505212115,38.94673520818555,140.3547943,,,,,,,,,,,,,,,,,
t_travospublic_measure_5m.26307742.202505212115,82,,2110319,1,20250521,2115,2,0,0,0,0,0,0,1,4,0,0,0,0,0,3,202505212115,39.072178338294655,140.4714918,,,,,,,,,,,,,,,,,
t_travospublic_measure_5m.26307743.202505212115,82,,2110320,1,20250521,2115,3,0,0,0,0,0,0,1,5,0,0,0,0,0,3,202505212115,39.11258080832936,140.486598,,,,,,,,,,,,,,,,,
t_travospublic_measure_5m.26307744.202505212115,82,,2110321,1,20250521,2115,10,0,0,0,0,0,0,14,0,0,0,0,0,0,3,202505212115,39.181412318388,140.4959965,,,,,,,,,,,,,,,,,
t_travospublic_measure_5m.26307745.202505212115,82,,2110322,1,20250521,2115,7,0,0,0,0,0,0,5,0,0,0,0,0,0,3,202505212115,39.1455093483575,140.4912436,,,,,,,,,,,,,,,,,
t_travospublic_measure_5m.26307746.202505212115,82,,2110324,1,20250521,2115,2,1,0,0,0,0,0,0,0,0,0,0,0,0,3,202505212115,39.046668898272635,140.4131154,,,,,,,,,,,,,,,,,
t_travospublic_measure_5m.26307747.202505212115,82,,2110325,1,20250521,2115,5,0,0,0,0,0,0,11,2,0,0,0,0,0,1,202505212115,38.463333037746374,140.3575,,,,,,,,,,,,,,,,,
t_travospublic_measure_5m.26307748.202505212115,82,,2110326,1,20250521,2115,4,3,0,0,0,0,0,12,3,0,0,0,0,0,1,202505212115,38.49944403778021,140.370833,,,,,,,,,,,,,,,,,
t_travospublic_measure_5m.26307749.202505212115,82,,2110327,1,20250521,2115,14,0,0,0,0,0,0,8,2,0,0,0,0,0,3,202505212115,39.249316578445246,140.5351192,,,,,,,,,,,,,,,,,
t_travospublic_measure_5m.26307750.202505212115,82,,2110328,1,20250521,2115,1,1,0,0,0,0,0,4,6,0,0,0,0,0,3,202505212115,38.78089403803823,140.293372,,,,,,,,,,,,,,,,,
t_travospublic_measure_5m.26307751.202505212115,82,,2110335,1,20250521,2115,2,0,3,0,0,0,0,2,1,4,0,0,0,0,3,202505212115,39.45464609861468,140.4982871,,,,,,,,,,,,,,,,,
t_travospublic_measure_5m.26307752.202505212115,82,,2110337,1,20250521,2115,5,0,0,0,0,0,0,5,1,0,0,0,0,0,3,202505212115,39.56556981870389,140.3349352,,,,,,,,,,,,,,,,,
t_travospublic_measure_5m.26307753.202505212115,82,,2110340,1,20250521,2115,20,1,0,0,0,0,0,23,2,0,0,0,0,0,3,202505212115,39.66778703878465,140.165768,,,,,,,,,,,,,,,,,
t_travospublic_measure_5m.26307754.202505212115,82,,2110350,1,20250521,2115,34,5,0,0,0,0,0,36,1,0,0,0,0,0,3,202505212115,38.27013892756266,140.95175,,,,,,,,,,,,,,,,,
t_travospublic_measure_5m.26307755.202505212115,82,,2110352,1,20250521,2115,30,4,0,0,0,0,0,39,2,0,0,0,0,0,3,202505212115,38.425472257710744,141.1867778,,,,,,,,,,,,,,,,,
t_travospublic_measure_5m.26307756.202505212115,82,,2110353,1,20250521,2115,37,1,0,0,0,0,0,28,4,1,0,0,0,0,3,202505212115,38.43294447771779,141.2090556,,,,,,,,,,,,,,,,,
t_travospublic_measure_5m.26307757.202505212115,82,,2110354,1,20250521,2115,32,1,0,0,0,0,0,23,2,0,0,0,0,0,3,202505212115,38.442000037726324,141.2525833,,,,,,,,,,,,,,,,,
t_travospublic_measure_5m.26307758.202505212115,82,,2110355,1,20250521,2115,13,0,0,0,0,0,0,24,3,0,0,0,0,0,3,202505212115,38.48202781776391,141.2923889,,,,,,,,,,,,,,,,,
t_travospublic_measure_5m.26307759.202505212115,82,,2110356,1,20250521,2115,6,0,0,0,0,0,0,18,0,0,0,0,0,0,3,202505212115,38.50011114778083,141.2940556,,,,,,,,,,,,,,,,,
t_travospublic_measure_5m.26307760.202505212115,82,,2110357,1,20250521,2115,8,1,0,0,0,0,0,27,4,0,0,0,0,0,3,202505212115,38.50430559778474,141.2861944,,,,,,,,,,,,,,,,,
t_travospublic_measure_5m.26307761.202505212115,82,,2110358,1,20250521,2115,6,2,1,0,0,0,0,9,2,0,0,0,0,0,3,202505212115,38.590638927864894,141.27905560000002,,,,,,,,,,,,,,,,,
t_travospublic_measure_5m.26307762.202505212115,82,,2110359,1,20250521,2115,4,0,0,0,0,0,0,11,3,0,0,0,0,0,3,202505212115,38.61066670788337,141.2839722,,,,,,,,,,,,,,,,,
t_travospublic_measure_5m.26307763.202505212115,82,,2110360,1,20250521,2115,11,0,0,0,0,0,0,13,0,0,0,0,0,0,3,202505212115,38.429333367714385,141.2390278,,,,,,,,,,,,,,,,,
t_travospublic_measure_5m.26307764.202505212115,82,,2110362,1,20250521,2115,2,0,0,0,0,0,0,10,1,0,0,0,0,0,3,202505212115,38.696083367961535,141.2831389,,,,,,,,,,,,,,,,,
t_travospublic_measure_5m.26307765.202505212115,82,,2110363,1,20250521,2115,20,0,0,0,0,0,0,18,3,0,0,0,0,0,3,202505212115,38.456555597740014,141.2745,,,,,,,,,,,,,,,,,
t_travospublic_measure_5m.26307766.202505212115,82,,2110364,1,20250521,2115,6,0,0,0,0,0,0,3,1,0,0,0,0,0,3,202505212115,38.95011114818852,141.6280556,,,,,,,,,,,,,,,,,
t_travospublic_measure_5m.26307767.202505212115,82,,2110365,1,20250521,2115,7,0,0,0,0,0,0,9,0,0,0,0,0,0,3,202505212115,38.91941670816153,141.5704722,,,,,,,,,,,,,,,,,
t_travospublic_measure_5m.26307768.202505212115,82,,2110366,1,20250521,2115,1,0,0,0,0,0,0,6,1,0,0,0,0,0,3,202505212115,38.71113892797521,141.3101667,,,,,,,,,,,,,,,,,
t_travospublic_measure_5m.26307769.202505212115,82,,2110367,1,20250521,2115,7,0,0,0,0,0,0,7,1,0,0,0,0,0,3,202505212115,39.02656869825523,141.6974974,,,,,,,,,,,,,,,,,
t_travospublic_measure_5m.26307770.202505212115,82,,2110368,1,20250521,2115,6,1,0,0,0,0,0,5,2,0,0,0,0,0,3,202505212115,38.70219447796709,141.3930833,,,,,,,,,,,,,,,,,
t_travospublic_measure_5m.26307771.202505212115,82,,2110370,1,20250521,2115,16,1,0,0,0,0,0,4,0,0,0,0,0,0,3,202505212115,39.059216658283475,141.7193842,,,,,,,,,,,,,,,,,
t_travospublic_measure_5m.26307772.202505212115,82,,2110371,1,20250521,2115,0,0,0,0,0,0,0,14,2,0,0,0,0,0,3,202505212115,39.074077398296275,141.7034197,,,,,,,,,,,,,,,,,
t_travospublic_measure_5m.26307773.202505212115,82,,2110372,1,20250521,2115,3,1,0,0,0,0,0,4,0,0,0,0,0,0,3,202505212115,39.125195598340156,141.7347157,,,,,,,,,,,,,,,,,
t_travospublic_measure_5m.26307774.202505212115,82,,2110373,1,20250521,2115,2,0,0,0,0,0,0,10,0,0,0,0,0,0,3,202505212115,39.12205355833746,141.7899934,,,,,,,,,,,,,,,,,
t_travospublic_measure_5m.26307775.202505212115,82,,2110374,1,20250521,2115,3,0,0,0,0,0,0,7,1,0,0,0,0,0,3,202505212115,39.03121932825926,141.6337144,,,,,,,,,,,,,,,,,
t_travospublic_measure_5m.26307776.202505212115,82,,2110379,1,20250521,2115,4,0,0,0,0,0,0,4,1,0,0,0,0,0,3,202505212115,39.14893559836042,141.8295097,,,,,,,,,,,,,,,,,
t_travospublic_measure_5m.26307777.202505212115,82,,2110380,1,20250521,2115,5,0,0,0,0,0,0,11,0,0,0,0,0,0,3,202505212115,39.29661287848477,141.8836641,,,,,,,,,,,,,,,,,
t_travospublic_measure_5m.26307778.202505212115,82,,2110381,1,20250521,2115,3,0,0,0,0,0,0,6,2,0,0,0,0,0,3,202505212115,38.69052781795646,141.4270556,,,,,,,,,,,,,,,,,
t_travospublic_measure_5m.26307779.202505212115,82,,2110382,1,20250521,2115,2,0,0,0,0,0,0,6,2,0,0,0,0,0,3,202505212115,38.70547225797006,141.4960833,,,,,,,,,,,,,,,,,
t_travospublic_measure_5m.26307780.202505212115,82,,2110383,1,20250521,2115,4,0,0,0,0,0,0,4,1,0,0,0,0,0,3,202505212115,39.32251283850628,141.8802524,,,,,,,,,,,,,,,,,
t_travospublic_measure_5m.26307781.202505212115,82,,2110384,1,20250521,2115,6,1,0,0,0,0,0,0,0,0,0,0,0,0,3,202505212115,38.81825003807172,141.5580556,,,,,,,,,,,,,,,,,
t_travospublic_measure_5m.26307782.202505212115,82,,2110386,1,20250521,2115,2,1,0,0,0,0,0,5,1,0,0,0,0,0,3,202505212115,39.48490003863918,141.95454,,,,,,,,,,,,,,,,,
t_travospublic_measure_5m.26307783.202505212115,82,,2110387,1,20250521,2115,3,0,0,0,0,0,0,1,1,0,0,0,0,0,3,202505212115,39.59193303872486,141.940478,,,,,,,,,,,,,,,,,
t_travospublic_measure_5m.26307784.202505212115,82,,2110389,1,20250521,2115,3,0,0,0,0,0,0,2,0,2,0,0,0,0,3,202505212115,39.8199300389023,141.96138,,,,,,,,,,,,,,,,,
t_travospublic_measure_5m.26307785.202505212115,82,,2110390,1,20250521,2115,2,0,0,0,0,0,0,6,0,0,0,0,0,0,3,202505212115,39.6109121487399,141.9617271,,,,,,,,,,,,,,,,,
t_travospublic_measure_5m.26307786.202505212115,82,,2110391,1,20250521,2115,7,0,1,0,0,0,0,14,3,0,0,0,0,0,3,202505212115,39.60033161873152,141.9352001,,,,,,,,,,,,,,,,,
t_travospublic_measure_5m.26307787.202505212115,82,,2110392,1,20250521,2115,3,0,0,0,0,0,0,4,0,0,0,0,0,0,3,202505212115,39.836270038914755,141.96038,,,,,,,,,,,,,,,,,
t_travospublic_measure_5m.26307788.202505212115,82,,2110393,1,20250521,2115,1,1,0,0,0,0,0,2,1,0,0,0,0,0,3,202505212115,39.87071503894088,141.94008,,,,,,,,,,,,,,,,,
t_travospublic_measure_5m.26307789.202505212115,82,,2110394,1,20250521,2115,11,0,0,0,0,0,0,0,0,0,0,0,0,0,3,202505212115,38.86638892811462,141.5685833,,,,,,,,,,,,,,,,,
t_travospublic_measure_5m.26307790.202505212115,82,,2110395,1,20250521,2115,2,0,0,0,0,0,0,0,0,0,0,0,0,0,3,202505212115,39.929155418984834,141.8968391,,,,,,,,,,,,,,,,,
t_travospublic_measure_5m.26307791.202505212115,82,,2110396,1,20250521,2115,4,2,0,0,0,0,0,1,0,0,0,0,0,0,3,202505212115,39.93351162898809,141.8457699,,,,,,,,,,,,,,,,,
t_travospublic_measure_5m.26307792.202505212115,82,,2110397,1,20250521,2115,0,2,0,0,0,0,0,2,0,0,0,0,0,0,3,202505212115,39.9934900390327,141.881411,,,,,,,,,,,,,,,,,
t_travospublic_measure_5m.26307793.202505212115,82,,2110398,1,20250521,2115,1,0,0,0,0,0,0,0,0,0,0,0,0,0,3,202505212115,40.20094503918319,141.780441,,,,,,,,,,,,,,,,,
t_travospublic_measure_5m.26307794.202505212115,82,,2110399,1,20250521,2115,1,2,0,0,0,0,0,2,1,0,0,0,0,0,3,202505212115,40.020460039052594,141.881877,,,,,,,,,,,,,,,,,
t_travospublic_measure_5m.26307795.202505212115,82,,2110400,1,20250521,2115,8,0,0,0,0,0,0,7,2,0,0,0,0,0,3,202505212115,40.25475328922127,141.7886066,,,,,,,,,,,,,,,,,
t_travospublic_measure_5m.26307796.202505212115,82,,2110401,1,20250521,2115,3,0,2,0,0,0,0,8,1,0,0,0,0,0,3,202505212115,39.029891708258106,141.6224,,,,,,,,,,,,,,,,,
t_travospublic_measure_5m.26307797.202505212115,82,,2110403,1,20250521,2115,4,0,0,0,0,0,0,3,2,0,0,0,0,0,3,202505212115,39.15806392836817,141.8413306,,,,,,,,,,,,,,,,,
t_travospublic_measure_5m.26307798.202505212115,82,,2110404,1,20250521,2115,18,1,0,0,0,0,0,30,0,0,0,0,0,0,3,202505212115,40.5060336693938,141.5313292,,,,,,,,,,,,,,,,,
t_travospublic_measure_5m.26307799.202505212115,82,,2110405,1,20250521,2115,30,1,0,0,0,0,0,20,0,0,0,0,0,0,3,202505212115,40.53102370941049,141.4620209,,,,,,,,,,,,,,,,,
t_travospublic_measure_5m.26307800.202505212115,82,,2110407,1,20250521,2115,3,0,0,0,0,0,0,4,0,0,0,0,0,0,3,202505212115,40.48142601937729,141.5386677,,,,,,,,,,,,,,,,,
t_travospublic_measure_5m.26307801.202505212115,82,,2110408,1,20250521,2115,24,1,0,0,0,0,0,11,0,0,0,0,0,0,3,202505212115,40.554765389426244,141.4358425,,,,,,,,,,,,,,,,,
t_travospublic_measure_5m.26307802.202505212115,82,,2110409,1,20250521,2115,9,0,0,0,0,0,0,5,2,0,0,0,0,0,3,202505212115,39.24333336844022,141.8452778,,,,,,,,,,,,,,,,,
t_travospublic_measure_5m.26307803.202505212115,82,,2110410,1,20250521,2115,7,0,0,0,0,0,0,3,0,0,0,0,0,0,3,202505212115,40.48025089937651,141.5793943,,,,,,,,,,,,,,,,,
t_travospublic_measure_5m.26307804.202505212115,82,,2110412,1,20250521,2115,5,0,0,0,0,0,0,9,0,0,0,0,0,0,3,202505212115,40.66162803949626,141.324363,,,,,,,,,,,,,,,,,
t_travospublic_measure_5m.26307805.202505212115,82,,2110413,1,20250521,2115,2,0,0,0,0,0,0,11,0,0,0,0,0,0,3,202505212115,40.675139039505,141.304575,,,,,,,,,,,,,,,,,
t_travospublic_measure_5m.26307806.202505212115,82,,2110414,1,20250521,2115,12,2,0,0,0,0,0,20,2,0,0,0,0,0,3,202505212115,39.699724768809624,141.0544968,,,,,,,,,,,,,,,,,
t_travospublic_measure_5m.26307807.202505212115,82,,2110415,1,20250521,2115,10,0,0,0,0,0,0,6,4,0,0,0,0,0,3,202505212115,39.69160156880328,141.008749,,,,,,,,,,,,,,,,,
t_travospublic_measure_5m.26307808.202505212115,82,,2110416,1,20250521,2115,1,0,0,0,0,0,0,2,2,0,0,0,0,0,3,202505212115,39.70020353880998,140.8836508,,,,,,,,,,,,,,,,,
t_travospublic_measure_5m.26307809.202505212115,82,,2110417,1,20250521,2115,1,0,0,0,0,0,0,0,0,0,0,0,0,0,3,202505212115,40.47147403937059,141.474002,,,,,,,,,,,,,,,,,
t_travospublic_measure_5m.26307810.202505212115,82,,2110418,1,20250521,2115,10,1,0,0,0,0,0,6,3,0,0,0,0,0,3,202505212115,39.260555598454665,141.8394444,,,,,,,,,,,,,,,,,
t_travospublic_measure_5m.26307811.202505212115,82,,2110419,1,20250521,2115,1,0,0,0,0,0,0,4,2,0,0,0,0,0,3,202505212115,39.288333368477865,141.8633333,,,,,,,,,,,,,,,,,
t_travospublic_measure_5m.26307812.202505212115,82,,2110421,1,20250521,2115,6,0,0,0,0,0,0,4,2,0,0,0,0,0,3,202505212115,39.366111148542295,141.9044444,,,,,,,,,,,,,,,,,
t_travospublic_measure_5m.26307813.202505212115,82,,2110422,1,20250521,2115,3,0,0,0,0,0,0,7,2,0,0,0,0,0,3,202505212115,39.36731670854329,141.8911806,,,,,,,,,,,,,,,,,
t_travospublic_measure_5m.26307814.202505212115,82,,2110423,1,20250521,2115,0,0,0,0,0,0,0,0,0,0,0,0,0,0,3,202505212115,40.22921103920324,141.7800234,,,,,,,,,,,,,,,,,
t_travospublic_measure_5m.26307815.202505212115,82,,2110424,1,20250521,2115,0,0,0,0,0,1,0,1,0,0,0,0,0,0,3,202505212115,39.601276038732266,140.551915,,,,,,,,,,,,,,,,,
t_travospublic_measure_5m.26307816.202505212115,82,,2110427,1,20250521,2115,0,0,0,0,0,0,0,0,0,0,0,0,0,0,3,202505212115,40.27682203923677,141.790009,,,,,,,,,,,,,,,,,
t_travospublic_measure_5m.26307817.202505212115,82,,2110428,1,20250521,2115,6,0,0,0,0,0,0,1,1,0,0,0,0,0,3,202505212115,38.73391670799585,140.7839722,,,,,,,,,,,,,,,,,
t_travospublic_measure_5m.26307818.202505212115,82,,2110430,1,20250521,2115,3,0,0,0,0,0,0,7,2,0,0,0,0,0,3,202505212115,38.74891670800941,140.7295,,,,,,,,,,,,,,,,,
t_travospublic_measure_5m.26307819.202505212115,82,,2110432,1,20250521,2115,0,1,0,0,0,0,0,0,0,0,0,0,0,0,3,202505212115,38.74249403800362,140.539014,,,,,,,,,,,,,,,,,
t_travospublic_measure_5m.26307820.202505212115,82,,2110435,1,20250521,2115,7,3,0,0,0,0,0,11,1,0,0,0,0,0,3,202505212115,38.74138978800262,140.2831578,,,,,,,,,,,,,,,,,
t_travospublic_measure_5m.26307821.202505212115,82,,2110436,1,20250521,2115,2,1,0,0,0,0,0,6,1,0,0,0,0,0,3,202505212115,38.74163030800284,140.2494012,,,,,,,,,,,,,,,,,
t_travospublic_measure_5m.26307822.202505212115,82,,2110437,1,20250521,2115,8,3,0,0,0,0,0,6,0,0,0,0,0,0,3,202505212115,38.73670292799837,140.1520219,,,,,,,,,,,,,,,,,
t_travospublic_measure_5m.26307823.202505212115,82,,2110438,1,20250521,2115,2,0,0,0,0,0,0,4,0,0,0,0,0,0,3,202505212115,38.745210838006074,140.2326227,,,,,,,,,,,,,,,,,
t_travospublic_measure_5m.26307824.202505212115,82,,2110445,1,20250521,2115,30,2,0,0,0,0,0,39,1,0,0,0,0,0,3,202505212115,38.26508336755781,140.7930833,,,,,,,,,,,,,,,,,
t_travospublic_measure_5m.26307825.202505212115,82,,2110450,1,20250521,2115,3,0,0,0,0,0,0,6,1,0,0,0,0,0,3,202505212115,38.391999797679084,140.5672252,,,,,,,,,,,,,,,,,
t_travospublic_measure_5m.26307826.202505212115,82,,2110451,1,20250521,2115,9,0,0,0,0,0,0,3,0,0,0,0,0,0,3,202505212115,38.877650438124604,139.8869442,,,,,,,,,,,,,,,,,
t_travospublic_measure_5m.26307827.202505212115,82,,2110452,1,20250521,2115,18,0,0,0,0,0,0,18,0,0,0,0,0,0,3,202505212115,38.901543148145755,139.8723154,,,,,,,,,,,,,,,,,
t_travospublic_measure_5m.26307828.202505212115,82,,2110453,1,20250521,2115,0,0,0,0,0,0,0,0,0,0,0,0,0,0,3,202505212115,38.90368057814766,139.8668909,,,,,,,,,,,,,,,,,
t_travospublic_measure_5m.26307829.202505212115,82,,2110454,1,20250521,2115,13,0,0,0,0,0,0,6,0,0,0,0,0,0,3,202505212115,38.87364379812106,139.886117,,,,,,,,,,,,,,,,,
t_travospublic_measure_5m.26307830.202505212115,82,,2110455,1,20250521,2115,15,1,0,0,0,0,0,9,0,0,0,0,0,0,3,202505212115,37.062925546313075,140.8516252,,,,,,,,,,,,,,,,,
t_travospublic_measure_5m.26307831.202505212115,82,,2110456,1,20250521,2115,8,0,0,0,0,0,0,3,0,0,0,0,0,0,3,202505212115,38.85157810810144,139.8908657,,,,,,,,,,,,,,,,,
t_travospublic_measure_5m.26307832.202505212115,82,,2110457,1,20250521,2115,12,0,0,0,0,0,0,7,0,0,0,0,0,0,3,202505212115,38.831843418083864,139.9098858,,,,,,,,,,,,,,,,,
t_travospublic_measure_5m.26307833.202505212115,82,,2110460,1,20250521,2115,2,1,0,0,0,0,0,7,0,0,0,0,0,0,3,202505212115,37.11000003636498,140.7641667,,,,,,,,,,,,,,,,,
t_travospublic_measure_5m.26307834.202505212115,82,,2110464,1,20250521,2115,9,0,0,0,0,0,0,1,0,1,0,0,0,0,3,202505212115,37.31106211658384,140.4823494,,,,,,,,,,,,,,,,,
t_travospublic_measure_5m.26307835.202505212115,82,,2110465,1,20250521,2115,15,0,0,0,0,0,0,12,2,0,0,0,0,0,3,202505212115,37.33970064661463,140.406585,,,,,,,,,,,,,,,,,
t_travospublic_measure_5m.26307836.202505212115,82,,2110470,1,20250521,2115,4,1,0,0,0,0,0,7,1,0,0,0,0,0,3,202505212115,37.49456687677952,140.2463901,,,,,,,,,,,,,,,,,
t_travospublic_measure_5m.26307837.202505212115,82,,2110472,1,20250521,2115,0,1,0,0,0,0,0,0,0,0,0,0,0,0,3,202505212115,37.65080306694305,139.5936209,,,,,,,,,,,,,,,,,
t_travospublic_measure_5m.26307838.202505212115,82,,2110473,1,20250521,2115,6,2,0,0,0,0,0,14,1,0,0,0,0,0,3,202505212115,37.548570346836364,139.9683643,,,,,,,,,,,,,,,,,
t_travospublic_measure_5m.26307839.202505212115,82,,2110474,1,20250521,2115,14,1,0,0,0,0,0,12,1,0,0,0,0,0,3,202505212115,37.55735328684558,139.8550022,,,,,,,,,,,,,,,,,
t_travospublic_measure_5m.26307840.202505212115,82,,2110477,1,20250521,2115,8,0,0,0,0,0,0,7,0,0,0,0,0,0,3,202505212115,40.48547352938001,141.42665860000002,,,,,,,,,,,,,,,,,
t_travospublic_measure_5m.26307841.202505212115,82,,2110478,1,20250521,2115,3,0,0,0,0,0,0,2,0,0,0,0,0,0,3,202505212115,38.5266667078056,141.1558333,,,,,,,,,,,,,,,,,
t_travospublic_measure_5m.26307842.202505212115,82,,2110479,1,20250521,2115,17,0,0,0,0,0,0,5,0,0,0,0,0,0,3,202505212115,38.5560555978329,141.0687778,,,,,,,,,,,,,,,,,
t_travospublic_measure_5m.26307843.202505212115,82,,2110480,1,20250521,2115,16,0,0,0,0,0,0,12,0,0,0,0,0,0,3,202505212115,38.5700833678459,140.98325,,,,,,,,,,,,,,,,,
t_travospublic_measure_5m.26307844.202505212115,82,,2110481,1,20250521,2115,2,0,0,0,0,0,0,0,1,0,0,0,0,0,3,202505212115,39.036923848264195,140.3899339,,,,,,,,,,,,,,,,,
t_travospublic_measure_5m.26307845.202505212115,82,,2110482,1,20250521,2115,11,1,0,0,0,0,0,7,3,0,0,0,0,0,3,202505212115,39.363397818540065,140.5656534,,,,,,,,,,,,,,,,,
t_travospublic_measure_5m.26307846.202505212115,82,,2110485,1,20250521,2115,25,0,0,0,0,0,0,25,0,0,0,0,0,0,3,202505212115,38.33956088762922,140.2816558,,,,,,,,,,,,,,,,,
t_travospublic_measure_5m.26307847.202505212115,82,,2110488,1,20250521,2115,2,0,0,0,0,0,0,1,0,0,0,0,0,0,3,202505212115,38.4566470377401,140.032103,,,,,,,,,,,,,,,,,
t_travospublic_measure_5m.26307848.202505212115,82,,2110491,1,20250521,2115,2,0,0,0,0,0,0,3,0,0,0,0,0,0,3,202505212115,38.58079848785582,139.9398136,,,,,,,,,,,,,,,,,
t_travospublic_measure_5m.26307849.202505212115,82,,2110500,1,20250521,2115,5,3,0,0,0,0,0,1,1,0,0,0,0,0,3,202505212115,38.046173177343945,139.7837305,,,,,,,,,,,,,,,,,
t_travospublic_measure_5m.26307850.202505212115,82,,2110501,1,20250521,2115,4,0,0,0,0,0,0,0,2,0,0,0,0,0,3,202505212115,38.0753590373728,139.72116,,,,,,,,,,,,,,,,,
t_travospublic_measure_5m.26307851.202505212115,82,,2110502,1,20250521,2115,0,2,0,0,0,0,0,1,0,0,0,0,0,0,3,202505212115,38.04606303734383,140.051715,,,,,,,,,,,,,,,,,
t_travospublic_measure_5m.26307852.202505212115,82,,2110503,1,20250521,2115,5,3,0,0,0,0,0,5,1,0,0,0,0,0,3,202505212115,38.044627037342416,140.064483,,,,,,,,,,,,,,,,,
t_travospublic_measure_5m.26307853.202505212115,82,,2110504,1,20250521,2115,9,2,0,0,0,0,0,3,2,0,0,0,0,0,3,202505212115,38.04518462734297,140.1366019,,,,,,,,,,,,,,,,,
t_travospublic_measure_5m.26307854.202505212115,82,,2110510,1,20250521,2115,4,1,0,0,0,0,0,7,1,0,0,0,0,0,3,202505212115,38.02769263732563,140.1668358,,,,,,,,,,,,,,,,,
t_travospublic_measure_5m.26307855.202505212115,82,,2110519,1,20250521,2115,2,1,0,0,0,0,0,5,0,0,0,0,0,0,3,202505212115,39.25195903844747,141.77938700000004,,,,,,,,,,,,,,,,,
t_travospublic_measure_5m.26307856.202505212115,82,,2110520,1,20250521,2115,5,0,0,0,0,0,0,1,3,0,0,0,0,0,3,202505212115,39.24514978844176,141.7423439,,,,,,,,,,,,,,,,,
t_travospublic_measure_5m.26307857.202505212115,82,,2110521,1,20250521,2115,3,1,0,0,0,0,0,2,0,0,0,0,0,0,3,202505212115,39.246448038442836,141.63560000000004,,,,,,,,,,,,,,,,,
t_travospublic_measure_5m.26307858.202505212115,82,,2110531,1,20250521,2115,4,0,0,0,0,0,0,1,0,0,0,0,0,0,1,202505212115,39.32515718850848,141.4883819,,,,,,,,,,,,,,,,,
t_travospublic_measure_5m.26307859.202505212115,82,,2110540,1,20250521,2115,5,0,0,0,0,0,0,4,0,0,0,0,0,0,1,202505212115,39.28807706847765,141.3475227,,,,,,,,,,,,,,,,,
t_travospublic_measure_5m.26307860.202505212115,82,,2110541,1,20250521,2115,2,1,0,0,0,0,0,3,0,0,0,0,0,0,1,202505212115,39.314345428499514,141.2615204,,,,,,,,,,,,,,,,,
t_travospublic_measure_5m.26307861.202505212115,82,,2110542,1,20250521,2115,1,0,0,0,0,0,0,1,0,0,0,0,0,0,3,202505212115,39.283375038473736,141.5516694,,,,,,,,,,,,,,,,,
t_travospublic_measure_5m.26307862.202505212115,82,,2110552,1,20250521,2115,0,0,0,0,0,0,0,0,0,0,0,0,0,0,3,202505212115,38.75991670801934,141.5025278,,,,,,,,,,,,,,,,,
t_travospublic_measure_5m.26307863.202505212115,82,,2110553,1,20250521,2115,0,0,0,0,0,0,0,1,0,0,0,0,0,0,3,202505212115,38.80716670806179,141.54275,,,,,,,,,,,,,,,,,
t_travospublic_measure_5m.26307864.202505212115,82,,2110554,1,20250521,2115,4,0,0,0,0,0,0,4,1,0,0,0,0,0,3,202505212115,38.96347225820022,141.6241944,,,,,,,,,,,,,,,,,
t_travospublic_measure_5m.26307865.202505212115,82,,2110555,1,20250521,2115,4,0,0,0,0,0,0,4,1,0,0,0,0,0,3,202505212115,39.21138892841335,141.865,,,,,,,,,,,,,,,,,
t_travospublic_measure_5m.26307866.202505212115,82,,2110556,1,20250521,2115,14,1,0,0,0,0,0,4,0,0,0,0,0,0,3,202505212115,38.8781944781251,141.5846444,,,,,,,,,,,,,,,,,
t_travospublic_measure_5m.26307867.202505212115,82,,2110557,1,20250521,2115,0,0,0,0,0,0,0,0,0,0,0,0,0,0,3,202505212115,38.789722258046154,141.5180556,,,,,,,,,,,,,,,,,
t_travospublic_measure_5m.26307868.202505212115,82,,2110558,1,20250521,2115,11,0,0,0,0,0,0,6,0,0,0,0,0,0,3,202505212115,38.88277803812915,141.585833,,,,,,,,,,,,,,,,,
t_travospublic_measure_5m.26307869.202505212115,82,,2110559,1,20250521,2115,5,1,0,0,0,0,0,6,0,0,0,0,0,0,3,202505212115,38.925278038166695,141.6025,,,,,,,,,,,,,,,,,
t_travospublic_measure_5m.26307870.202505212115,82,,2110560,1,20250521,2115,6,2,0,0,0,0,0,4,0,0,0,0,0,0,3,202505212115,38.89750003814219,141.595,,,,,,,,,,,,,,,,,
t_travospublic_measure_5m.26307871.202505212115,82,,2110561,1,20250521,2115,7,2,0,0,0,0,0,3,0,2,0,0,0,0,3,202505212115,38.91750003815984,141.591944,,,,,,,,,,,,,,,,,
t_travospublic_measure_5m.26307872.202505212115,82,,2110601,1,20250521,2115,2,0,0,0,0,0,0,2,0,0,0,0,0,0,3,202505212115,39.91987303897789,141.896614,,,,,,,,,,,,,,,,,
t_travospublic_measure_5m.26307873.202505212115,82,,2110602,1,20250521,2115,2,0,0,0,0,0,0,1,0,0,0,0,0,0,3,202505212115,40.106109629115124,141.8094475,,,,,,,,,,,,,,,,,
t_travospublic_measure_5m.26307874.202505212115,82,,2110603,1,20250521,2115,6,0,1,0,0,0,0,0,0,0,0,0,0,0,3,202505212115,40.11805381912376,141.7994516,,,,,,,,,,,,,,,,,
t_travospublic_measure_5m.26307875.202505212115,82,,2110604,1,20250521,2115,3,0,1,0,0,0,0,0,1,0,0,0,0,0,3,202505212115,40.1607780391545,141.767278,,,,,,,,,,,,,,,,,
t_travospublic_measure_5m.26307876.202505212115,82,,2110605,1,20250521,2115,1,0,0,0,0,0,0,1,1,0,0,0,0,0,3,202505212115,40.18849803917432,141.78815,,,,,,,,,,,,,,,,,
t_travospublic_measure_5m.26307877.202505212115,82,,2110606,1,20250521,2115,4,1,0,0,0,0,0,1,0,0,0,0,0,0,3,202505212115,40.28714403924399,141.781585,,,,,,,,,,,,,,,,,
t_travospublic_measure_5m.26307878.202505212115,82,,2110607,1,20250521,2115,1,0,0,0,0,0,0,0,1,0,0,0,0,0,3,202505212115,40.32286003926889,141.76178,,,,,,,,,,,,,,,,,
t_travospublic_measure_5m.26307879.202505212115,82,,2112104,1,20250521,2115,1,0,0,0,0,0,0,4,0,0,0,0,0,0,3,202505212115,40.73388903954269,141.208056,,,,,,,,,,,,,,,,,
t_travospublic_measure_5m.26307880.202505212115,82,,2120001,1,20250521,2115,0,0,0,0,0,0,0,0,0,0,0,0,0,0,3,202505212115,40.74668802955084,140.5801106,,,,,,,,,,,,,,,,,
t_travospublic_measure_5m.26307881.202505212115,82,,2120005,1,20250521,2115,2,1,0,0,0,0,0,3,1,0,0,0,0,0,3,202505212115,40.79194666957947,140.4899883,,,,,,,,,,,,,,,,,
t_travospublic_measure_5m.26307882.202505212115,82,,2120010,1,20250521,2115,0,0,0,0,0,0,0,0,0,0,0,0,0,0,3,202505212115,40.8117305195919,140.47719960000003,,,,,,,,,,,,,,,,,
t_travospublic_measure_5m.26307883.202505212115,82,,2120015,1,20250521,2115,0,0,0,0,0,0,0,0,0,0,0,0,0,0,3,202505212115,40.82729603960163,140.4413,,,,,,,,,,,,,,,,,
t_travospublic_measure_5m.26307884.202505212115,82,,2120020,1,20250521,2115,1,0,0,0,0,0,0,7,0,0,0,0,0,0,3,202505212115,40.78380703957434,140.261545,,,,,,,,,,,,,,,,,
t_travospublic_measure_5m.26307885.202505212115,82,,2310200,1,20250521,2115,23,3,0,0,0,0,0,32,3,0,0,0,0,0,3,202505212115,39.70615403881462,140.09793,,,,,,,,,,,,,,,,,
t_travospublic_measure_5m.26307886.202505212115,82,,2312101,1,20250521,2115,3,0,0,0,0,0,0,5,0,0,0,0,0,0,3,202505212115,40.70861503952653,141.245289,,,,,,,,,,,,,,,,,
t_travospublic_measure_5m.26307887.202505212115,82,,2312102,1,20250521,2115,2,0,0,0,0,0,0,4,0,0,0,0,0,0,3,202505212115,40.725333039537226,141.2281271,,,,,,,,,,,,,,,,,
t_travospublic_measure_5m.26307888.202505212115,82,,2312103,1,20250521,2115,6,0,0,0,0,0,0,2,1,0,0,0,0,0,3,202505212115,37.77535545707135,140.7514008,,,,,,,,,,,,,,,,,
t_travospublic_measure_5m.26307889.202505212115,83,,3110010,1,20250521,2115,41,1,2,0,0,0,0,51,2,8,0,0,0,0,3,202505212115,35.58550262456253,139.7049058,,,,,,,,,,,,,,,,,
t_travospublic_measure_5m.26307890.202505212115,83,,3110020,1,20250521,2115,61,4,1,0,0,0,0,88,8,7,0,0,0,0,3,202505212115,35.37938903430058,139.509906,,,,,,,,,,,,,,,,,
t_travospublic_measure_5m.26307891.202505212115,83,,3110030,1,20250521,2115,8,3,0,0,0,0,0,19,2,2,0,0,0,0,3,202505212115,35.30798103420886,139.30775,,,,,,,,,,,,,,,,,
t_travospublic_measure_5m.26307892.202505212115,83,,3110040,1,20250521,2115,11,4,0,0,0,0,0,15,0,0,0,0,0,0,3,202505212115,35.24085503412222,139.123519,,,,,,,,,,,,,,,,,
t_travospublic_measure_5m.26307893.202505212115,83,,3110050,1,20250521,2115,44,15,1,0,0,0,0,32,11,1,0,0,0,0,3,202505212115,36.238458295364495,139.8048878,,,,,,,,,,,,,,,,,
t_travospublic_measure_5m.26307894.202505212115,83,,3110060,1,20250521,2115,68,10,0,0,0,0,0,48,8,0,0,0,0,0,3,202505212115,36.51217142568756,139.9177551,,,,,,,,,,,,,,,,,
t_travospublic_measure_5m.26307895.202505212115,83,,3110070,1,20250521,2115,24,6,1,0,0,0,0,33,7,0,0,0,0,0,3,202505212115,36.833366956056416,139.9495983,,,,,,,,,,,,,,,,,
t_travospublic_measure_5m.26307896.202505212115,83,,3110080,1,20250521,2115,13,2,1,0,0,0,0,8,0,0,0,0,0,0,3,202505212115,36.29676104543397,139.7863913,,,,,,,,,,,,,,,,,
t_travospublic_measure_5m.26307897.202505212115,83,,3110090,1,20250521,2115,46,1,2,0,0,0,0,14,0,0,0,0,0,0,3,202505212115,36.52417383570154,139.8798609,,,,,,,,,,,,,,,,,
t_travospublic_measure_5m.26307898.202505212115,83,,3110100,1,20250521,2115,30,0,0,0,0,0,0,39,2,1,0,0,0,0,3,202505212115,36.58529299577252,139.9295837,,,,,,,,,,,,,,,,,
t_travospublic_measure_5m.26307899.202505212115,83,,3110110,1,20250521,2115,26,1,0,0,0,0,0,22,2,0,0,0,0,0,3,202505212115,36.019401995100274,140.15926790000003,,,,,,,,,,,,,,,,,
t_travospublic_measure_5m.26307900.202505212115,83,,3110120,1,20250521,2115,37,4,0,0,0,0,0,0,0,0,0,0,0,0,3,202505212115,36.297327425434645,140.4228446,,,,,,,,,,,,,,,,,
t_travospublic_measure_5m.26307901.202505212115,83,,3110130,1,20250521,2115,0,0,0,0,0,1,0,34,0,0,0,0,0,0,3,202505212115,36.582090335768804,140.6400901,,,,,,,,,,,,,,,,,
t_travospublic_measure_5m.26307902.202505212115,83,,3110140,1,20250521,2115,36,2,2,0,0,0,0,44,6,2,0,0,0,0,3,202505212115,35.70274880470968,139.8786539,,,,,,,,,,,,,,,,,
t_travospublic_measure_5m.26307903.202505212115,83,,3110150,1,20250521,2115,34,1,4,0,0,0,0,49,3,4,0,0,0,0,3,202505212115,35.61902656460475,140.0975838,,,,,,,,,,,,,,,,,
t_travospublic_measure_5m.26307904.202505212115,83,,3110160,1,20250521,2115,53,7,1,0,0,0,0,56,4,6,0,0,0,0,3,202505212115,35.56474703453633,139.7273263,,,,,,,,,,,,,,,,,
t_travospublic_measure_5m.26307905.202505212115,83,,3110170,1,20250521,2115,49,9,0,0,0,0,0,69,7,0,0,0,0,0,3,202505212115,35.52794003448978,139.70328,,,,,,,,,,,,,,,,,
t_travospublic_measure_5m.26307906.202505212115,83,,3110180,1,20250521,2115,40,8,0,0,0,0,0,48,8,0,0,0,0,0,3,202505212115,35.47903203442772,139.638693,,,,,,,,,,,,,,,,,
t_travospublic_measure_5m.26307907.202505212115,83,,3110190,1,20250521,2115,33,0,3,0,0,0,0,21,4,0,0,0,0,0,3,202505212115,35.26731403415642,139.685375,,,,,,,,,,,,,,,,,
t_travospublic_measure_5m.26307908.202505212115,83,,3110200,1,20250521,2115,22,1,0,0,0,0,0,11,1,1,0,0,0,0,3,202505212115,35.36071103427663,139.629686,,,,,,,,,,,,,,,,,
t_travospublic_measure_5m.26307909.202505212115,83,,3110220,1,20250521,2115,61,8,0,0,0,0,0,56,10,0,0,0,0,0,3,202505212115,35.58894027456686,139.3426681,,,,,,,,,,,,,,,,,
t_travospublic_measure_5m.26307910.202505212115,83,,3110230,1,20250521,2115,17,2,2,0,0,0,0,22,0,1,0,0,0,0,3,202505212115,35.483485034433386,139.527129,,,,,,,,,,,,,,,,,
t_travospublic_measure_5m.26307911.202505212115,83,,3110240,1,20250521,2115,22,5,0,0,0,0,0,33,5,0,0,0,0,0,3,202505212115,35.83073572486877,139.3800849,,,,,,,,,,,,,,,,,
t_travospublic_measure_5m.26307912.202505212115,83,,3110250,1,20250521,2115,62,8,1,0,0,0,0,45,14,0,0,0,0,0,3,202505212115,35.707798574715994,140.1198261,,,,,,,,,,,,,,,,,
t_travospublic_measure_5m.26307913.202505212115,83,,3110260,1,20250521,2115,37,3,2,0,0,0,0,41,0,1,0,0,0,0,3,202505212115,35.53057826449313,140.0927666,,,,,,,,,,,,,,,,,
t_travospublic_measure_5m.26307914.202505212115,83,,3110270,1,20250521,2115,18,2,2,0,0,0,0,39,1,5,0,0,0,0,3,202505212115,35.79240130482129,139.6854329,,,,,,,,,,,,,,,,,
t_travospublic_measure_5m.26307915.202505212115,83,,3110280,1,20250521,2115,69,13,0,0,0,0,0,74,12,0,0,0,0,0,3,202505212115,35.803056924834515,139.6481824,,,,,,,,,,,,,,,,,
t_travospublic_measure_5m.26307916.202505212115,83,,3110290,1,20250521,2115,49,5,0,0,0,0,0,43,5,0,0,0,0,0,3,202505212115,36.07243401516468,139.4990623,,,,,,,,,,,,,,,,,
t_travospublic_measure_5m.26307917.202505212115,83,,3110300,1,20250521,2115,19,1,0,0,0,0,0,21,3,0,0,0,0,0,3,202505212115,36.18854634530473,139.3083894,,,,,,,,,,,,,,,,,
t_travospublic_measure_5m.26307918.202505212115,83,,3110310,1,20250521,2115,17,1,0,0,0,0,0,26,2,0,0,0,0,0,3,202505212115,36.28225430541672,139.0870374,,,,,,,,,,,,,,,,,
t_travospublic_measure_5m.26307919.202505212115,83,,3110320,1,20250521,2115,54,0,1,0,0,0,0,57,0,1,0,0,0,0,3,202505212115,36.3553183655034,139.0125096,,,,,,,,,,,,,,,,,
t_travospublic_measure_5m.26307920.202505212115,83,,3110330,1,20250521,2115,0,0,0,0,1,1,0,1,0,0,0,0,0,0,3,202505212115,36.76119426597452,138.8275203,,,,,,,,,,,,,,,,,
t_travospublic_measure_5m.26307921.202505212115,83,,3110350,1,20250521,2115,19,7,0,0,0,0,0,31,4,0,0,0,0,0,3,202505212115,36.343173145489025,138.5572287,,,,,,,,,,,,,,,,,
t_travospublic_measure_5m.26307922.202505212115,83,,3110360,1,20250521,2115,35,2,0,0,0,0,0,25,0,0,0,0,0,0,3,202505212115,36.37715425552919,138.2764444,,,,,,,,,,,,,,,,,
t_travospublic_measure_5m.26307923.202505212115,83,,3110370,1,20250521,2115,0,0,0,0,0,0,0,0,31,0,0,0,0,0,3,202505212115,36.6491958258463,138.2215959,,,,,,,,,,,,,,,,,
t_travospublic_measure_5m.26307924.202505212115,83,,3110380,1,20250521,2115,22,1,0,0,0,0,0,35,0,0,0,0,0,0,3,202505212115,36.20646628532621,137.9629773,,,,,,,,,,,,,,,,,
t_travospublic_measure_5m.26307925.202505212115,83,,3110390,1,20250521,2115,1,1,0,0,0,0,0,3,0,0,0,0,0,0,3,202505212115,36.53866995571842,137.9675826,,,,,,,,,,,,,,,,,
t_travospublic_measure_5m.26307926.202505212115,83,,3110400,1,20250521,2115,36,2,4,0,0,0,0,49,0,8,0,0,0,0,3,202505212115,35.669090024667575,139.59433440000004,,,,,,,,,,,,,,,,,
t_travospublic_measure_5m.26307927.202505212115,83,,3110420,1,20250521,2115,11,1,0,0,0,0,0,7,0,0,0,0,0,0,3,202505212115,35.611220394594916,138.9628673,,,,,,,,,,,,,,,,,
t_travospublic_measure_5m.26307928.202505212115,83,,3110430,1,20250521,2115,10,5,0,0,0,0,0,4,3,0,0,0,0,0,3,202505212115,35.603966294585796,138.8040242,,,,,,,,,,,,,,,,,
t_travospublic_measure_5m.26307929.202505212115,83,,3110440,1,20250521,2115,39,1,0,0,0,0,0,49,2,0,0,0,0,0,3,202505212115,35.66782617466599,138.5078037,,,,,,,,,,,,,,,,,
t_travospublic_measure_5m.26307930.202505212115,83,,3110450,1,20250521,2115,1,0,0,0,0,0,0,3,1,0,0,0,0,0,3,202505212115,35.90777048496373,138.2345215,,,,,,,,,,,,,,,,,
t_travospublic_measure_5m.26307931.202505212115,83,,3110460,1,20250521,2115,10,1,0,0,0,0,0,12,0,0,0,0,0,0,3,202505212115,36.07055654516242,138.0938691,,,,,,,,,,,,,,,,,
t_travospublic_measure_5m.26307932.202505212115,83,,3110470,1,20250521,2115,22,3,0,0,0,0,0,19,1,0,0,0,0,0,3,202505212115,36.378318235530564,139.2290443,,,,,,,,,,,,,,,,,
t_travospublic_measure_5m.26307933.202505212115,83,,3110480,1,20250521,2115,34,6,0,0,0,0,0,44,3,1,0,0,0,0,3,202505212115,36.314701575455274,139.4271684,,,,,,,,,,,,,,,,,
t_travospublic_measure_5m.26307934.202505212115,83,,3110490,1,20250521,2115,16,1,0,0,0,0,0,17,1,0,0,0,0,0,3,202505212115,36.3924270955472,140.2677888,,,,,,,,,,,,,,,,,
t_travospublic_measure_5m.26307935.202505212115,83,,3110500,1,20250521,2115,34,3,0,0,0,0,0,56,3,0,0,0,0,0,3,202505212115,36.34474163549088,140.47407480000004,,,,,,,,,,,,,,,,,
t_travospublic_measure_5m.26307936.202505212115,83,,3110510,1,20250521,2115,23,5,0,0,0,0,0,9,1,0,0,0,0,0,3,202505212115,35.72363407473576,140.2680677,,,,,,,,,,,,,,,,,
t_travospublic_measure_5m.26307937.202505212115,83,,3110520,1,20250521,2115,8,3,0,0,0,0,0,8,0,0,0,0,0,0,3,202505212115,35.95803238502537,140.6007609,,,,,,,,,,,,,,,,,
t_travospublic_measure_5m.26307938.202505212115,83,,3110550,1,20250521,2115,3,0,0,0,0,0,0,1,0,0,0,0,0,0,3,202505212115,35.150913034005455,139.829981,,,,,,,,,,,,,,,,,
t_travospublic_measure_5m.26307939.202505212115,83,,3110560,1,20250521,2115,11,1,0,0,0,0,0,13,0,0,0,0,0,0,3,202505212115,35.43543715437221,138.84019380000004,,,,,,,,,,,,,,,,,
t_travospublic_measure_5m.26307940.202505212115,83,,3110570,1,20250521,2115,6,0,0,0,0,0,0,3,0,0,0,0,0,0,3,202505212115,35.39117538431567,138.86336800000004,,,,,,,,,,,,,,,,,
t_travospublic_measure_5m.26307941.202505212115,83,,3110580,1,20250521,2115,1,1,0,0,0,0,0,10,0,0,0,0,0,0,3,202505212115,35.47790102442629,138.6703992,,,,,,,,,,,,,,,,,
t_travospublic_measure_5m.26307942.202505212115,83,,3110590,1,20250521,2115,18,0,0,0,0,0,0,19,3,0,0,0,0,0,3,202505212115,35.51892892447836,138.83839670000003,,,,,,,,,,,,,,,,,
t_travospublic_measure_5m.26307943.202505212115,83,,3110600,1,20250521,2115,87,7,9,0,0,0,0,96,4,16,0,0,0,0,3,202505212115,35.6500387346437,139.6833757,,,,,,,,,,,,,,,,,
t_travospublic_measure_5m.26307944.202505212115,83,,3110610,1,20250521,2115,83,12,6,0,0,0,0,87,3,7,0,0,0,0,3,202505212115,35.536946034501184,139.510691,,,,,,,,,,,,,,,,,
t_travospublic_measure_5m.26307945.202505212115,83,,3110620,1,20250521,2115,116,8,3,0,0,0,0,51,11,6,0,0,0,0,3,202505212115,35.472892034419914,139.412266,,,,,,,,,,,,,,,,,
t_travospublic_measure_5m.26307946.202505212115,83,,3110630,1,20250521,2115,51,12,4,0,0,0,0,36,3,2,0,0,0,0,3,202505212115,35.4275870343622,139.351511,,,,,,,,,,,,,,,,,
t_travospublic_measure_5m.26307947.202505212115,83,,3110640,1,20250521,2115,21,4,1,0,0,0,0,44,3,5,0,0,0,0,3,202505212115,35.37445003429424,139.203293,,,,,,,,,,,,,,,,,
t_travospublic_measure_5m.26307948.202505212115,83,,3110650,1,20250521,2115,11,5,0,0,0,0,0,6,0,0,0,0,0,0,3,202505212115,35.36087503427685,139.014722,,,,,,,,,,,,,,,,,
t_travospublic_measure_5m.26307949.202505212115,83,,3110660,1,20250521,2115,63,9,5,0,0,0,0,34,8,3,0,0,0,0,3,202505212115,35.68396699468621,139.992342,,,,,,,,,,,,,,,,,
t_travospublic_measure_5m.26307950.202505212115,83,,3110670,1,20250521,2115,29,19,3,0,0,0,0,30,28,6,0,0,0,0,3,202505212115,35.588442964566234,139.7548217,,,,,,,,,,,,,,,,,
t_travospublic_measure_5m.26307951.202505212115,83,,3110980,1,20250521,2115,9,0,0,0,0,0,0,16,2,0,0,0,0,0,1,202505212115,36.24888937537695,138.4463891,,,,,,,,,,,,,,,,,
t_travospublic_measure_5m.26307952.202505212115,83,,3110990,1,20250521,2115,6,0,0,0,0,0,0,0,0,0,0,0,0,0,1,202505212115,36.242588925369425,138.4374556,,,,,,,,,,,,,,,,,
t_travospublic_measure_5m.26307953.202505212115,83,,3111000,1,20250521,2115,0,0,0,0,0,0,0,13,2,0,0,0,0,0,1,202505212115,36.22486392534824,138.4372861,,,,,,,,,,,,,,,,,
t_travospublic_measure_5m.26307954.202505212115,83,,3111010,1,20250521,2115,6,1,0,0,0,0,0,10,1,0,0,0,0,0,1,202505212115,36.16839725528054,138.4688,,,,,,,,,,,,,,,,,
t_travospublic_measure_5m.26307955.202505212115,83,,3111030,1,20250521,2115,5,1,0,0,0,0,0,0,0,0,0,0,0,0,1,202505212115,36.14629447525393,138.4676028,,,,,,,,,,,,,,,,,
t_travospublic_measure_5m.26307956.202505212115,83,,3111040,1,20250521,2115,0,0,0,0,0,0,0,1,0,0,0,0,0,0,1,202505212115,36.13644447524206,138.4613806,,,,,,,,,,,,,,,,,
t_travospublic_measure_5m.26307957.202505212115,83,,3111050,1,20250521,2115,3,0,0,0,0,0,0,3,1,0,0,0,0,0,1,202505212115,35.443037034381895,138.453937,,,,,,,,,,,,,,,,,
t_travospublic_measure_5m.26307958.202505212115,83,,3111060,1,20250521,2115,0,0,0,0,0,0,0,4,1,0,0,0,0,0,1,202505212115,35.48100503443024,138.45894900000002,,,,,,,,,,,,,,,,,
t_travospublic_measure_5m.26307959.202505212115,83,,3111070,1,20250521,2115,6,4,0,0,0,0,0,5,6,0,0,0,0,0,1,202505212115,35.35961103427522,138.456636,,,,,,,,,,,,,,,,,
t_travospublic_measure_5m.26307960.202505212115,83,,3111080,1,20250521,2115,9,3,0,0,0,0,0,6,6,0,0,0,0,0,1,202505212115,35.337913034247364,138.45119000000003,,,,,,,,,,,,,,,,,
t_travospublic_measure_5m.26307961.202505212115,83,,3111090,1,20250521,2115,3,2,0,0,0,0,0,4,3,0,0,0,0,0,1,202505212115,35.27778503416994,138.444487,,,,,,,,,,,,,,,,,
t_travospublic_measure_5m.26307962.202505212115,83,,3310680,1,20250521,2115,40,8,0,0,0,0,0,36,2,0,0,0,0,0,3,202505212115,35.55346203452207,139.695301,,,,,,,,,,,,,,,,,
t_travospublic_measure_5m.26307963.202505212115,83,,3310690,1,20250521,2115,21,3,2,0,0,0,0,34,2,2,0,0,0,0,3,202505212115,35.476498034424495,139.611304,,,,,,,,,,,,,,,,,
t_travospublic_measure_5m.26307964.202505212115,83,,3310710,1,20250521,2115,43,5,3,0,0,0,0,57,5,3,0,0,0,0,3,202505212115,35.76969950479312,139.8035038,,,,,,,,,,,,,,,,,
t_travospublic_measure_5m.26307965.202505212115,83,,3310720,1,20250521,2115,57,3,3,0,0,0,0,79,9,3,0,0,0,0,3,202505212115,35.78172684480805,139.8030451,,,,,,,,,,,,,,,,,
t_travospublic_measure_5m.26307966.202505212115,83,,3310730,1,20250521,2115,32,1,7,0,0,0,0,56,3,12,0,0,0,0,3,202505212115,35.723854004736026,139.819876,,,,,,,,,,,,,,,,,
t_travospublic_measure_5m.26307967.202505212115,83,,3310740,1,20250521,2115,34,4,2,0,0,0,0,0,0,0,0,1,1,0,3,202505212115,35.76173829478322,139.8620188,,,,,,,,,,,,,,,,,
t_travospublic_measure_5m.26307968.202505212115,83,,3310750,1,20250521,2115,43,2,1,0,0,0,0,86,0,3,0,0,0,0,3,202505212115,35.768080334791094,139.8831359,,,,,,,,,,,,,,,,,
t_travospublic_measure_5m.26307969.202505212115,83,,3310760,1,20250521,2115,20,1,0,0,0,0,0,19,0,0,0,0,0,0,3,202505212115,36.333593035477676,140.487226,,,,,,,,,,,,,,,,,
t_travospublic_measure_5m.26307970.202505212115,83,,3310770,1,20250521,2115,40,5,3,0,0,0,0,50,2,12,0,0,0,0,3,202505212115,35.696867714702336,139.8301488,,,,,,,,,,,,,,,,,
t_travospublic_measure_5m.26307971.202505212115,83,,3310780,1,20250521,2115,33,6,4,0,0,0,0,52,2,6,0,0,0,0,3,202505212115,35.550513454518345,139.7165117,,,,,,,,,,,,,,,,,
t_travospublic_measure_5m.26307972.202505212115,83,,3310790,1,20250521,2115,19,2,0,0,0,0,0,24,1,0,0,0,0,0,3,202505212115,35.30616103420651,139.624807,,,,,,,,,,,,,,,,,
t_travospublic_measure_5m.26307973.202505212115,83,,3310800,1,20250521,2115,147,35,0,0,0,0,0,177,41,0,0,0,0,0,3,202505212115,35.45761703440047,139.54761,,,,,,,,,,,,,,,,,
t_travospublic_measure_5m.26307974.202505212115,83,,3310810,1,20250521,2115,45,11,2,0,0,0,0,58,4,1,0,0,0,0,3,202505212115,35.88142903493132,139.9657318,,,,,,,,,,,,,,,,,
t_travospublic_measure_5m.26307975.202505212115,83,,3310830,1,20250521,2115,6,1,0,0,0,0,0,17,2,0,0,0,0,0,3,202505212115,36.65616783585431,139.0205401,,,,,,,,,,,,,,,,,
t_travospublic_measure_5m.26307976.202505212115,83,,3310840,1,20250521,2115,38,1,3,0,0,0,0,58,2,2,0,0,0,0,3,202505212115,35.67115788467016,139.6194506,,,,,,,,,,,,,,,,,
t_travospublic_measure_5m.26307977.202505212115,83,,3310850,1,20250521,2115,60,5,0,0,0,0,0,32,4,0,0,0,0,0,3,202505212115,35.644829464637155,138.6173022,,,,,,,,,,,,,,,,,
t_travospublic_measure_5m.26307978.202505212115,83,,3310860,1,20250521,2115,0,1,0,0,0,0,0,4,0,0,0,0,0,0,3,202505212115,35.85597447489995,138.2880181,,,,,,,,,,,,,,,,,
t_travospublic_measure_5m.26307979.202505212115,83,,3310880,1,20250521,2115,12,1,0,0,0,0,0,10,0,0,0,0,0,0,3,202505212115,35.58082577455663,138.474952,,,,,,,,,,,,,,,,,
t_travospublic_measure_5m.26307980.202505212115,83,,3310900,1,20250521,2115,85,4,4,0,0,0,0,96,9,16,0,0,0,0,3,202505212115,35.60764403459042,139.613062,,,,,,,,,,,,,,,,,
t_travospublic_measure_5m.26307981.202505212115,83,,3310910,1,20250521,2115,6,3,1,0,0,0,0,9,1,2,0,0,0,0,3,202505212115,35.34910803426173,139.141352,,,,,,,,,,,,,,,,,
t_travospublic_measure_5m.26307982.202505212115,83,,3310920,1,20250521,2115,29,5,3,0,0,0,0,55,1,3,0,0,0,0,3,202505212115,35.74888073476721,139.6969986,,,,,,,,,,,,,,,,,
t_travospublic_measure_5m.26307983.202505212115,83,,3310930,1,20250521,2115,50,9,7,0,0,0,0,49,3,5,0,0,0,0,3,202505212115,35.757753044778255,139.6835902,,,,,,,,,,,,,,,,,
t_travospublic_measure_5m.26307984.202505212115,83,,3310940,1,20250521,2115,63,3,2,0,0,0,0,43,6,1,0,0,0,0,3,202505212115,35.653820154648436,140.0442401,,,,,,,,,,,,,,,,,
t_travospublic_measure_5m.26307985.202505212115,83,,3310950,1,20250521,2115,112,18,4,0,0,0,0,57,24,6,0,0,0,0,3,202505212115,35.64815995464133,139.9005461,,,,,,,,,,,,,,,,,
t_travospublic_measure_5m.26307986.202505212115,83,,3310960,1,20250521,2115,17,15,1,0,0,0,0,10,9,0,0,0,0,0,3,202505212115,35.646721404639536,139.8238456,,,,,,,,,,,,,,,,,
t_travospublic_measure_5m.26307987.202505212115,84,,4110010,1,20250521,2115,60,4,0,0,0,0,0,72,4,0,0,0,0,0,3,202505212115,37.932215037230314,139.139722,,,,,,,,,,,,,,,,,
t_travospublic_measure_5m.26307988.202505212115,84,,4110020,1,20250521,2115,12,0,0,0,0,0,0,21,1,0,0,0,0,0,3,202505212115,37.96100603725917,139.354741,,,,,,,,,,,,,,,,,
t_travospublic_measure_5m.26307989.202505212115,84,,4110030,1,20250521,2115,0,0,0,0,0,1,0,0,0,0,0,0,1,0,3,202505212115,38.540634037818585,139.550276,,,,,,,,,,,,,,,,,
t_travospublic_measure_5m.26307990.202505212115,84,,4110040,1,20250521,2115,134,6,0,0,0,0,0,112,5,0,0,0,0,0,3,202505212115,37.89993403719785,139.068639,139.0649569,37.8988954271968,,,,,,,,,,,,,,,
t_travospublic_measure_5m.26307991.202505212115,84,,4110060,1,20250521,2115,20,11,2,0,0,0,0,15,3,2,0,0,0,0,3,202505212115,37.56415502685272,138.8938299,,,,,,,,,,,,,,,,,
t_travospublic_measure_5m.26307992.202505212115,84,,4110070,1,20250521,2115,18,0,0,0,0,0,0,27,0,0,0,0,0,0,3,202505212115,37.44889503673119,138.76828100000003,,,,,,,,,,,,,,,,,
t_travospublic_measure_5m.26307993.202505212115,84,,4110090,1,20250521,2115,1,0,0,0,0,0,0,4,1,0,0,0,0,0,3,202505212115,36.97923003622018,137.642048,,,,,,,,,,,,,,,,,
t_travospublic_measure_5m.26307994.202505212115,84,,4110110,1,20250521,2115,43,1,0,0,0,0,0,36,5,0,0,0,0,0,3,202505212115,36.737147395947105,137.3387361,137.3387361,36.737147395947105,,,,,,,,,,,,,,,
t_travospublic_measure_5m.26307995.202505212115,84,,4110120,1,20250521,2115,27,2,0,0,0,0,0,32,2,2,0,0,0,0,3,202505212115,36.74295939595373,137.1063924,,,,,,,,,,,,,,,,,
t_travospublic_measure_5m.26307996.202505212115,84,,4110130,1,20250521,2115,25,1,0,0,0,0,0,29,1,0,0,0,0,0,3,202505212115,36.75988562597303,137.0465469,,,,,,,,,,,,,,,,,
t_travospublic_measure_5m.26307997.202505212115,84,,4110140,1,20250521,2115,9,5,0,0,0,0,0,13,1,0,0,0,0,0,3,202505212115,36.6765250558777,136.8260425,,,,,,,,,,,,,,,,,
t_travospublic_measure_5m.26307998.202505212115,84,,4110150,1,20250521,2115,78,1,0,0,0,0,0,93,7,0,0,0,0,0,3,202505212115,36.589046875776866,136.6271782,136.6276288,36.58868075577644,,,,,,,,,,,,,,,
t_travospublic_measure_5m.26307999.202505212115,84,,4110160,1,20250521,2115,17,3,0,0,0,0,0,15,3,0,0,0,0,0,3,202505212115,36.33272803547666,136.42083400000004,,,,,,,,,,,,,,,,,
t_travospublic_measure_5m.26308000.202505212115,84,,4110170,1,20250521,2115,7,2,0,0,0,0,0,19,7,1,0,0,0,0,3,202505212115,36.295882035432925,136.303694,,,,,,,,,,,,,,,,,
t_travospublic_measure_5m.26308001.202505212115,84,,4110180,1,20250521,2115,11,1,0,0,0,0,0,7,0,0,0,0,0,0,3,202505212115,37.35568202663179,138.5718066,,,,,,,,,,,,,,,,,
t_travospublic_measure_5m.26308002.202505212115,84,,4110190,1,20250521,2115,1,0,0,0,0,0,0,1,0,0,0,0,0,0,3,202505212115,36.785345316001994,138.8016209,,,,,,,,,,,,,,,,,
t_travospublic_measure_5m.26308003.202505212115,84,,4110200,1,20250521,2115,7,1,0,0,0,0,0,3,2,1,0,0,0,0,3,202505212115,37.05929117630906,138.8725331,,,,,,,,,,,,,,,,,
t_travospublic_measure_5m.26308004.202505212115,84,,4110210,1,20250521,2115,14,0,4,0,0,0,0,15,3,3,0,0,0,0,3,202505212115,37.379305636657065,138.8344324,,,,,,,,,,,,,,,,,
t_travospublic_measure_5m.26308005.202505212115,84,,4110220,1,20250521,2115,3,1,0,0,0,0,0,2,0,0,0,0,0,0,3,202505212115,36.859512036085945,138.194944,,,,,,,,,,,,,,,,,
t_travospublic_measure_5m.26308006.202505212115,84,,4110230,1,20250521,2115,22,0,0,0,0,0,0,9,1,1,0,0,0,0,3,202505212115,36.59277686578118,137.2042608,,,,,,,,,,,,,,,,,
t_travospublic_measure_5m.26308007.202505212115,84,,4110240,1,20250521,2115,20,0,0,0,0,0,0,32,2,0,0,0,0,0,3,202505212115,36.68543044588792,137.2119749,,,,,,,,,,,,,,,,,
t_travospublic_measure_5m.26308008.202505212115,84,,4110250,1,20250521,2115,2,1,0,0,0,0,0,2,1,0,0,0,0,0,3,202505212115,37.66099003695361,139.47592,,,,,,,,,,,,,,,,,
t_travospublic_measure_5m.26308009.202505212115,84,,4110260,1,20250521,2115,1,4,0,0,0,0,0,2,2,0,0,0,0,0,3,202505212115,38.081379037378746,139.576978,,,,,,,,,,,,,,,,,
t_travospublic_measure_5m.26308010.202505212115,84,,4110270,1,20250521,2115,5,1,0,0,0,0,0,3,1,0,0,0,0,0,3,202505212115,37.60222103689251,138.798415,,,,,,,,,,,,,,,,,
t_travospublic_measure_5m.26308011.202505212115,84,,4110280,1,20250521,2115,12,0,0,0,0,0,0,18,0,0,0,0,0,0,3,202505212115,36.650611795847915,136.963672,,,,,,,,,,,,,,,,,
t_travospublic_measure_5m.26308012.202505212115,84,,4110290,1,20250521,2115,14,3,0,0,0,0,0,26,2,0,0,0,0,0,3,202505212115,36.52124203569812,136.587868,,,,,,,,,,,,,,,,,
t_travospublic_measure_5m.26308013.202505212115,84,,4110300,1,20250521,2115,36,6,0,0,1,0,0,36,0,0,0,0,0,0,3,202505212115,36.59043403577848,136.685666,136.68521,36.59039903577843,,,,,,,,,,,,,,,
t_travospublic_measure_5m.26308014.202505212115,84,,4110310,1,20250521,2115,3,0,0,0,0,0,0,4,0,0,0,0,0,0,3,202505212115,37.0464990362949,137.047738,,,,,,,,,,,,,,,,,
t_travospublic_measure_5m.26308015.202505212115,84,,4110320,1,20250521,2115,4,0,0,0,0,0,0,5,0,0,0,0,0,0,3,202505212115,36.8686864160963,136.96136,,,,,,,,,,,,,,,,,
t_travospublic_measure_5m.26308016.202505212115,84,,4110330,1,20250521,2115,3,0,0,0,0,0,0,5,0,0,0,0,0,0,3,202505212115,36.83313510605615,136.9442582,,,,,,,,,,,,,,,,,
t_travospublic_measure_5m.26308017.202505212115,84,,4110340,1,20250521,2115,0,0,0,0,0,0,0,0,0,0,0,0,0,0,3,202505212115,36.75969223597281,136.9658715,,,,,,,,,,,,,,,,,
t_travospublic_measure_5m.26308018.202505212115,84,,4110350,1,20250521,2115,1,1,0,0,0,0,0,2,1,0,0,1,0,0,3,202505212115,37.240650036507716,136.905469,,,,,,,,,,,,,,,,,
t_travospublic_measure_5m.26308019.202505212115,84,,4110351,1,20250521,2115,2,0,0,0,0,0,0,0,0,0,0,0,0,0,3,202505212115,37.31000403658269,136.9066,,,,,,,,,,,,,,,,,
t_travospublic_measure_5m.26308020.202505212115,84,,4110370,1,20250521,2115,13,0,0,0,0,0,0,21,0,0,0,0,0,0,3,202505212115,37.83527203713243,139.227435,,,,,,,,,,,,,,,,,
t_travospublic_measure_5m.26308021.202505212115,84,,4110371,1,20250521,2115,4,0,0,0,0,0,0,6,1,0,0,0,0,0,3,202505212115,37.829370037126424,139.20906,,,,,,,,,,,,,,,,,
t_travospublic_measure_5m.26308022.202505212115,84,,4110380,1,20250521,2115,5,1,0,0,0,0,0,2,0,0,0,0,0,0,3,202505212115,37.73164303702653,139.333641,,,,,,,,,,,,,,,,,
t_travospublic_measure_5m.26308023.202505212115,84,,4110390,1,20250521,2115,1,2,0,0,0,0,0,2,1,0,0,0,0,0,3,202505212115,37.699376036993314,139.38248,,,,,,,,,,,,,,,,,
t_travospublic_measure_5m.26308024.202505212115,84,,4110400,1,20250521,2115,0,0,0,0,0,0,0,0,0,0,0,0,0,0,3,202505212115,37.012781036257515,137.026061,,,,,,,,,,,,,,,,,
t_travospublic_measure_5m.26308025.202505212115,84,,4110410,1,20250521,2115,47,6,0,0,0,0,0,38,11,0,0,0,0,0,3,202505212115,36.38238103553535,136.486002,,,,,,,,,,,,,,,,,
t_travospublic_measure_5m.26308026.202505212115,84,,4110430,1,20250521,2115,0,0,0,0,0,0,0,0,0,0,0,0,0,0,3,202505212115,37.01726703626248,136.967459,,,,,,,,,,,,,,,,,
t_travospublic_measure_5m.26308027.202505212115,84,,4110440,1,20250521,2115,2,0,0,0,0,0,0,3,0,0,0,0,0,0,3,202505212115,36.80001257601863,136.9558319,,,,,,,,,,,,,,,,,
t_travospublic_measure_5m.26308028.202505212115,84,,4110450,1,20250521,2115,3,0,0,0,0,0,0,4,1,0,0,0,0,0,3,202505212115,36.88168028611092,136.97572590000001,,,,,,,,,,,,,,,,,
t_travospublic_measure_5m.26308029.202505212115,84,,4110460,1,20250521,2115,4,0,0,0,0,0,0,2,0,0,0,0,0,0,3,202505212115,36.93083435616611,137.0132339,,,,,,,,,,,,,,,,,
t_travospublic_measure_5m.26308030.202505212115,84,,4110470,1,20250521,2115,17,0,1,0,0,0,0,8,1,0,0,0,0,0,3,202505212115,36.84399970606843,137.4189931,,,,,,,,,,,,,,,,,
t_travospublic_measure_5m.26308031.202505212115,84,,4110480,1,20250521,2115,22,3,0,0,0,0,0,22,1,0,0,0,0,0,3,202505212115,37.7661015170619,139.0265521,,,,,,,,,,,,,,,,,
t_travospublic_measure_5m.26308032.202505212115,84,,4110490,1,20250521,2115,15,2,0,0,0,0,0,16,1,0,0,0,0,0,3,202505212115,37.77256794706851,139.0261587,,,,,,,,,,,,,,,,,
t_travospublic_measure_5m.26308033.202505212115,84,,4110880,1,20250521,2115,7,0,0,0,0,0,0,17,3,0,0,0,0,0,3,202505212115,37.159443036419226,138.223379,,,,,,,,,,,,,,,,,
t_travospublic_measure_5m.26308034.202505212115,84,,4160390,1,20250521,2115,3,2,0,0,0,0,0,4,1,0,0,0,0,0,1,202505212115,38.268866037561445,139.522026,,,,,,,,,,,,,,,,,
t_travospublic_measure_5m.26308035.202505212115,84,,4310010,1,20250521,2115,77,2,0,0,0,0,0,72,0,0,0,0,0,0,3,202505212115,37.90111003719903,139.07252,139.07275,37.90117003719909,,,,,,,,,,,,,,,
t_travospublic_measure_5m.26308036.202505212115,84,,4310012,1,20250521,2115,22,0,0,0,0,0,0,14,0,0,0,0,0,0,3,202505212115,37.92162903721969,139.058415,139.059129,37.921847037219905,,,,,,,,,,,,,,,
t_travospublic_measure_5m.26308037.202505212115,84,,4310014,1,20250521,2115,64,4,0,0,0,0,0,79,5,0,0,0,0,0,3,202505212115,37.91719603721522,139.11685,,,,,,,,,,,,,,,,,
t_travospublic_measure_5m.26308038.202505212115,84,,4310020,1,20250521,2115,29,2,0,0,0,0,0,28,2,0,0,0,0,0,3,202505212115,37.96990561726807,139.2601579,,,,,,,,,,,,,,,,,
t_travospublic_measure_5m.26308039.202505212115,84,,4310030,1,20250521,2115,27,1,0,0,0,0,0,34,3,0,0,0,0,0,3,202505212115,37.959626427257795,139.290365,,,,,,,,,,,,,,,,,
t_travospublic_measure_5m.26308040.202505212115,84,,4310040,1,20250521,2115,4,0,0,0,0,0,0,6,1,0,0,0,0,0,3,202505212115,38.11781603741457,139.451469,,,,,,,,,,,,,,,,,
t_travospublic_measure_5m.26308041.202505212115,84,,4310060,1,20250521,2115,22,0,0,0,0,0,0,26,1,0,0,0,0,0,3,202505212115,37.855369037152805,139.017016,,,,,,,,,,,,,,,,,
t_travospublic_measure_5m.26308042.202505212115,84,,4310070,1,20250521,2115,13,1,0,0,0,0,0,11,3,0,0,0,0,0,3,202505212115,37.213535036478255,138.30873,,,,,,,,,,,,,,,,,
t_travospublic_measure_5m.26308043.202505212115,84,,4310080,1,20250521,2115,17,0,0,0,0,0,0,26,3,0,0,0,0,0,3,202505212115,37.15957303641935,138.228132,,,,,,,,,,,,,,,,,
t_travospublic_measure_5m.26308044.202505212115,84,,4310090,1,20250521,2115,5,0,0,0,0,0,0,6,1,0,0,0,0,0,3,202505212115,37.119068036374955,138.031711,,,,,,,,,,,,,,,,,
t_travospublic_measure_5m.26308045.202505212115,84,,4310100,1,20250521,2115,7,0,0,0,0,0,0,8,2,0,0,0,0,0,3,202505212115,37.04548803629378,137.853387,,,,,,,,,,,,,,,,,
t_travospublic_measure_5m.26308046.202505212115,84,,4310110,1,20250521,2115,5,0,0,0,0,0,0,4,0,0,0,0,0,0,3,202505212115,37.055192036304526,137.905522,,,,,,,,,,,,,,,,,
t_travospublic_measure_5m.26308047.202505212115,84,,4310120,1,20250521,2115,14,3,0,0,0,0,0,9,2,0,0,0,0,0,3,202505212115,36.94553606618256,137.53465,,,,,,,,,,,,,,,,,
t_travospublic_measure_5m.26308048.202505212115,84,,4310130,1,20250521,2115,12,1,0,0,0,0,0,26,5,1,0,0,0,0,3,202505212115,36.77997831599589,137.3953897,137.3949552,36.779578725995435,,,,,,,,,,,,,,,
t_travospublic_measure_5m.26308049.202505212115,84,,4310140,1,20250521,2115,23,3,0,0,0,0,0,19,5,0,0,0,0,0,3,202505212115,36.73255594594187,137.216084,,,,,,,,,,,,,,,,,
t_travospublic_measure_5m.26308050.202505212115,84,,4310150,1,20250521,2115,0,0,0,0,0,1,0,14,0,0,0,0,0,0,3,202505212115,36.718233845925496,136.9457549,,,,,,,,,,,,,,,,,
t_travospublic_measure_5m.26308051.202505212115,84,,4310160,1,20250521,2115,8,2,0,0,0,0,0,10,0,0,0,0,0,0,3,202505212115,36.6900247158932,136.89856410000002,,,,,,,,,,,,,,,,,
t_travospublic_measure_5m.26308052.202505212115,84,,4310180,1,20250521,2115,20,3,0,0,1,0,0,18,1,0,0,1,0,0,3,202505212115,36.67647342587764,136.7734337,,,,,,,,,,,,,,,,,
t_travospublic_measure_5m.26308053.202505212115,84,,4310190,1,20250521,2115,16,7,0,0,1,0,0,11,9,0,0,1,0,0,3,202505212115,36.68614025588873,136.7302394,,,,,,,,,,,,,,,,,
t_travospublic_measure_5m.26308054.202505212115,84,,4310200,1,20250521,2115,19,5,0,0,0,0,0,15,3,0,0,0,0,0,3,202505212115,36.68324936588542,136.7232978,,,,,,,,,,,,,,,,,
t_travospublic_measure_5m.26308055.202505212115,84,,4310210,1,20250521,2115,53,8,0,0,0,0,0,71,5,0,0,0,0,0,3,202505212115,36.562841365746486,136.5982425,,,,,,,,,,,,,,,,,
t_travospublic_measure_5m.26308056.202505212115,84,,4310220,1,20250521,2115,49,7,0,0,0,0,0,68,5,0,0,0,0,0,3,202505212115,36.50450003567862,136.550432,,,,,,,,,,,,,,,,,
t_travospublic_measure_5m.26308057.202505212115,84,,4310230,1,20250521,2115,30,4,0,0,0,0,0,24,4,0,0,0,0,0,3,202505212115,36.42391556558427,136.483165,,,,,,,,,,,,,,,,,
t_travospublic_measure_5m.26308058.202505212115,84,,4310250,1,20250521,2115,15,5,0,0,0,0,0,12,7,0,0,0,0,0,3,202505212115,36.2785439554123,136.2915319,,,,,,,,,,,,,,,,,
t_travospublic_measure_5m.26308059.202505212115,84,,4310270,1,20250521,2115,6,0,0,0,0,0,0,6,1,0,0,0,0,0,3,202505212115,37.072231146323354,138.87240170000004,,,,,,,,,,,,,,,,,
t_travospublic_measure_5m.26308060.202505212115,84,,4310280,1,20250521,2115,4,2,0,0,0,0,0,7,3,0,0,0,0,0,3,202505212115,36.93595003617183,138.219789,,,,,,,,,,,,,,,,,
t_travospublic_measure_5m.26308061.202505212115,84,,4310290,1,20250521,2115,4,1,0,0,0,0,0,5,2,0,0,0,0,0,3,202505212115,37.03447903628158,138.233052,,,,,,,,,,,,,,,,,
t_travospublic_measure_5m.26308062.202505212115,84,,4310300,1,20250521,2115,46,1,0,0,0,0,0,32,2,0,0,0,0,0,3,202505212115,37.135361036392844,138.266363,,,,,,,,,,,,,,,,,
t_travospublic_measure_5m.26308063.202505212115,84,,4310310,1,20250521,2115,5,3,0,0,0,0,0,1,1,2,0,0,0,0,3,202505212115,36.469212195637375,137.2416294,,,,,,,,,,,,,,,,,
t_travospublic_measure_5m.26308064.202505212115,84,,4310320,1,20250521,2115,2,1,0,0,0,0,0,0,1,0,0,0,0,0,3,202505212115,36.51196446568731,137.2282451,,,,,,,,,,,,,,,,,
t_travospublic_measure_5m.26308065.202505212115,84,,4310330,1,20250521,2115,27,0,0,0,0,0,0,53,3,0,0,0,0,0,3,202505212115,36.636592975831775,137.209239,,,,,,,,,,,,,,,,,
t_travospublic_measure_5m.26308066.202505212115,84,,4310340,1,20250521,2115,11,0,0,0,0,1,0,53,3,0,0,0,0,0,3,202505212115,36.665350975864875,137.2099739,,,,,,,,,,,,,,,,,
t_travospublic_measure_5m.26308067.202505212115,84,,4310350,1,20250521,2115,48,0,0,0,0,0,0,13,1,0,0,0,0,0,3,202505212115,37.85868303715617,139.114645,,,,,,,,,,,,,,,,,
t_travospublic_measure_5m.26308068.202505212115,84,,4310360,1,20250521,2115,5,0,1,0,0,0,0,11,1,1,0,0,0,0,3,202505212115,37.44596703672809,138.637808,,,,,,,,,,,,,,,,,
t_travospublic_measure_5m.26308069.202505212115,84,,4310370,1,20250521,2115,19,3,0,0,0,0,0,13,1,0,0,0,0,0,3,202505212115,37.659782356952356,138.8757271,,,,,,,,,,,,,,,,,
t_travospublic_measure_5m.26308070.202505212115,84,,4310380,1,20250521,2115,10,3,0,0,0,0,0,11,3,0,0,0,0,0,3,202505212115,37.75046003704586,138.90062,,,,,,,,,,,,,,,,,
t_travospublic_measure_5m.26308071.202505212115,84,,4310390,1,20250521,2115,42,0,0,0,0,0,0,21,0,0,0,0,0,0,3,202505212115,37.8373130371345,138.931687,,,,,,,,,,,,,,,,,
t_travospublic_measure_5m.26308072.202505212115,84,,4310400,1,20250521,2115,0,0,0,0,0,0,0,0,0,0,0,0,0,0,3,202505212115,36.554335475736636,137.0083094,,,,,,,,,,,,,,,,,
t_travospublic_measure_5m.26308073.202505212115,84,,4310410,1,20250521,2115,4,0,0,0,0,0,0,4,0,0,0,0,0,0,3,202505212115,36.956120636194385,136.8892354,,,,,,,,,,,,,,,,,
t_travospublic_measure_5m.26308074.202505212115,84,,4310420,1,20250521,2115,4,0,0,0,0,0,0,1,0,0,0,0,0,0,3,202505212115,36.81057320603062,136.7629731,,,,,,,,,,,,,,,,,
t_travospublic_measure_5m.26308075.202505212115,84,,4310430,1,20250521,2115,35,4,0,0,0,0,0,26,3,0,0,0,0,0,3,202505212115,36.68889768589191,136.7214257,,,,,,,,,,,,,,,,,
t_travospublic_measure_5m.26308076.202505212115,84,,4310440,1,20250521,2115,25,0,0,0,0,0,0,17,1,0,0,0,0,0,3,202505212115,36.62649371582013,136.7029238,,,,,,,,,,,,,,,,,
t_travospublic_measure_5m.26308077.202505212115,84,,4310441,1,20250521,2115,34,1,0,0,0,0,0,23,1,0,0,0,0,0,3,202505212115,36.60182503579164,136.700048,,,,,,,,,,,,,,,,,
t_travospublic_measure_5m.26308078.202505212115,84,,4310450,1,20250521,2115,40,1,0,0,0,0,0,46,0,4,0,0,0,0,3,202505212115,36.57428003575976,136.686305,136.6864014,36.57449126576,,,,,,,,,,,,,,,
t_travospublic_measure_5m.26308079.202505212115,84,,4310460,1,20250521,2115,2,0,0,0,0,0,0,0,0,0,0,0,0,0,3,202505212115,36.9580881961966,137.048108,,,,,,,,,,,,,,,,,
t_travospublic_measure_5m.26308080.202505212115,84,,4310470,1,20250521,2115,12,0,0,0,0,0,0,42,1,0,0,0,0,0,3,202505212115,36.77955370599541,137.0001501,,,,,,,,,,,,,,,,,
t_travospublic_measure_5m.26308081.202505212115,85,22,5110100,1,20250521,2115,33,7,0,0,0,0,0,37,3,0,0,0,0,0,3,202505212115,35.15213957400704,138.9246216,,,,,,,,,,,,,,,,,
t_travospublic_measure_5m.26308082.202505212115,85,22,5110105,1,20250521,2115,0,0,0,0,1,1,0,0,0,0,0,1,1,0,3,202505212115,35.14274842399481,138.8710284,,,,,,,,,,,,,,,,,
t_travospublic_measure_5m.26308083.202505212115,85,22,5110107,1,20250521,2115,7,5,0,0,0,0,0,0,0,0,0,0,1,0,3,202505212115,35.16311303402133,139.002312,,,,,,,,,,,,,,,,,
t_travospublic_measure_5m.26308084.202505212115,85,22,5110109,1,20250521,2115,17,1,0,0,0,0,0,10,2,0,0,0,0,0,3,202505212115,35.118767763963525,138.9293772,,,,,,,,,,,,,,,,,
t_travospublic_measure_5m.26308085.202505212115,85,22,5110111,1,20250521,2115,68,3,0,0,0,0,0,35,2,4,0,0,0,0,3,202505212115,35.10924329395108,138.9124954,,,,,,,,,,,,,,,,,
t_travospublic_measure_5m.26308086.202505212115,85,22,5110115,1,20250521,2115,37,9,0,0,0,0,0,35,6,0,0,0,0,0,3,202505212115,35.138890033989775,138.739584,,,,,,,,,,,,,,,,,
t_travospublic_measure_5m.26308087.202505212115,85,22,5110120,1,20250521,2115,39,12,0,0,0,0,0,51,12,0,0,0,0,0,3,202505212115,35.06126803388831,138.536991,,,,,,,,,,,,,,,,,
t_travospublic_measure_5m.26308088.202505212115,85,22,5110125,1,20250521,2115,58,1,0,0,0,0,0,29,1,0,0,0,0,0,3,202505212115,34.99945503380712,138.431978,,,,,,,,,,,,,,,,,
t_travospublic_measure_5m.26308089.202505212115,85,22,5110130,1,20250521,2115,56,10,0,0,0,0,0,101,7,0,0,0,0,0,3,202505212115,35.00292603381168,138.37946,,,,,,,,,,,,,,,,,
t_travospublic_measure_5m.26308090.202505212115,85,22,5110135,1,20250521,2115,43,7,0,0,0,0,0,91,9,0,0,0,0,0,3,202505212115,34.9427310337323,138.326229,,,,,,,,,,,,,,,,,
t_travospublic_measure_5m.26308091.202505212115,85,22,5110140,1,20250521,2115,33,6,0,0,0,0,0,48,11,0,0,0,0,0,3,202505212115,34.87443903364182,138.231472,,,,,,,,,,,,,,,,,
t_travospublic_measure_5m.26308092.202505212115,85,22,5110145,1,20250521,2115,26,11,0,0,0,0,0,29,26,0,0,0,0,0,3,202505212115,34.831770733585074,138.1182557,,,,,,,,,,,,,,,,,
t_travospublic_measure_5m.26308093.202505212115,85,22,5110148,1,20250521,2115,99,13,0,0,0,0,0,73,10,0,0,0,0,0,3,202505212115,34.73805952345989,137.853806,,,,,,,,,,,,,,,,,
t_travospublic_measure_5m.26308094.202505212115,85,22,5110150,1,20250521,2115,84,12,3,0,0,0,0,69,10,0,0,0,0,0,3,202505212115,34.731415953450984,137.7966642,,,,,,,,,,,,,,,,,
t_travospublic_measure_5m.26308095.202505212115,85,22,5110155,1,20250521,2115,25,6,0,0,0,0,0,30,4,0,0,0,0,0,3,202505212115,34.67742179337847,137.6802735,,,,,,,,,,,,,,,,,
t_travospublic_measure_5m.26308096.202505212115,85,22,5110158,1,20250521,2115,73,16,0,0,0,0,0,49,10,0,0,0,0,0,3,202505212115,34.67846877337988,137.608459,,,,,,,,,,,,,,,,,
t_travospublic_measure_5m.26308097.202505212115,85,22,5110160,1,20250521,2115,18,7,0,0,0,0,0,27,8,0,0,0,0,0,3,202505212115,34.67701253337791,137.5025406,,,,,,,,,,,,,,,,,
t_travospublic_measure_5m.26308098.202505212115,85,23,5110170,1,20250521,2115,36,4,0,0,0,0,0,23,5,0,0,0,0,0,3,202505212115,34.7982592835404,137.36621260000004,,,,,,,,,,,,,,,,,
t_travospublic_measure_5m.26308099.202505212115,85,23,5110175,1,20250521,2115,50,7,0,0,0,0,0,34,3,0,0,0,0,0,3,202505212115,34.92391956370741,137.2032416,,,,,,,,,,,,,,,,,
t_travospublic_measure_5m.26308100.202505212115,85,23,5110180,1,20250521,2115,24,1,0,0,0,0,0,18,0,0,0,0,0,0,3,202505212115,35.12246228396835,136.7712316,,,,,,,,,,,,,,,,,
t_travospublic_measure_5m.26308101.202505212115,85,24,5110185,1,20250521,2115,34,0,0,0,0,0,0,32,0,0,0,0,0,0,3,202505212115,35.02683417384312,136.6459825,,,,,,,,,,,,,,,,,
t_travospublic_measure_5m.26308102.202505212115,85,24,5110190,1,20250521,2115,33,5,0,0,0,0,0,31,8,0,0,0,0,0,3,202505212115,34.914394373694805,136.5686551,,,,,,,,,,,,,,,,,
t_travospublic_measure_5m.26308103.202505212115,85,23,5110250,1,20250521,2115,41,1,0,0,0,0,0,42,1,0,0,0,0,0,3,202505212115,35.23002111410819,136.9279236,,,,,,,,,,,,,,,,,
t_travospublic_measure_5m.26308104.202505212115,85,23,5110255,1,20250521,2115,40,2,0,0,0,0,0,32,2,0,0,0,0,0,3,202505212115,35.22358825409986,136.8807274,,,,,,,,,,,,,,,,,
t_travospublic_measure_5m.26308105.202505212115,85,22,5111410,1,20250521,2115,6,1,0,0,0,0,0,7,0,0,0,0,0,0,3,202505212115,34.9385786437268,138.9422778,,,,,,,,,,,,,,,,,
t_travospublic_measure_5m.26308106.202505212115,85,22,5111440,1,20250521,2115,8,3,0,0,0,0,0,12,2,0,0,0,0,0,3,202505212115,35.09294534392978,138.9461249,,,,,,,,,,,,,,,,,
t_travospublic_measure_5m.26308107.202505212115,85,22,5111460,1,20250521,2115,3,0,0,0,0,0,0,2,0,0,0,0,0,0,3,202505212115,34.773393033507176,138.94734200000002,,,,,,,,,,,,,,,,,
t_travospublic_measure_5m.26308108.202505212115,85,23,5111910,1,20250521,2115,53,9,0,0,0,0,0,78,5,0,0,0,0,0,3,202505212115,35.251491704135965,136.9747388,,,,,,,,,,,,,,,,,
t_travospublic_measure_5m.26308109.202505212115,85,21,5111920,1,20250521,2115,32,7,0,0,0,0,0,44,2,0,0,0,0,0,3,202505212115,35.33014667423738,137.0762497,,,,,,,,,,,,,,,,,
t_travospublic_measure_5m.26308110.202505212115,85,21,5111930,1,20250521,2115,23,1,0,0,0,0,0,39,2,0,0,0,0,0,3,202505212115,35.36635604428386,137.2135359,,,,,,,,,,,,,,,,,
t_travospublic_measure_5m.26308111.202505212115,85,21,5111940,1,20250521,2115,30,8,0,0,0,0,0,54,2,0,0,0,0,0,3,202505212115,35.477490394425764,137.4827895,,,,,,,,,,,,,,,,,
t_travospublic_measure_5m.26308112.202505212115,85,21,5111950,1,20250521,2115,7,7,0,0,0,0,0,9,3,0,0,0,0,0,3,202505212115,35.54294722450878,137.5415325,,,,,,,,,,,,,,,,,
t_travospublic_measure_5m.26308113.202505212115,85,20,5111960,1,20250521,2115,2,4,0,0,0,0,0,4,1,0,0,0,0,0,3,202505212115,35.79372550482294,137.6867026,,,,,,,,,,,,,,,,,
t_travospublic_measure_5m.26308114.202505212115,85,20,5111970,1,20250521,2115,5,5,0,0,0,0,0,5,1,0,0,0,0,0,3,202505212115,35.86568255491192,137.7375698,,,,,,,,,,,,,,,,,
t_travospublic_measure_5m.26308115.202505212115,85,21,5112190,1,20250521,2115,4,3,0,0,0,0,0,7,3,0,0,0,0,0,3,202505212115,35.35969120427531,136.4557958,,,,,,,,,,,,,,,,,
t_travospublic_measure_5m.26308116.202505212115,85,21,5112240,1,20250521,2115,55,3,0,0,0,0,0,49,2,0,0,0,0,0,3,202505212115,35.38091091430252,136.7844039,,,,,,,,,,,,,,,,,
t_travospublic_measure_5m.26308117.202505212115,85,23,5112310,1,20250521,2115,0,0,0,0,0,1,0,35,12,0,0,0,0,0,3,202505212115,34.84762104360617,137.1591783,,,,,,,,,,,,,,,,,
t_travospublic_measure_5m.26308118.202505212115,85,23,5112320,1,20250521,2115,125,25,0,0,0,0,0,85,13,0,0,0,0,0,3,202505212115,34.935405063722605,137.0426846,,,,,,,,,,,,,,,,,
t_travospublic_measure_5m.26308119.202505212115,85,23,5112325,1,20250521,2115,107,23,0,0,0,0,0,126,14,0,0,0,0,0,3,202505212115,35.020771293835146,137.0130622,,,,,,,,,,,,,,,,,
t_travospublic_measure_5m.26308120.202505212115,85,23,5112330,1,20250521,2115,106,18,0,0,0,0,0,152,18,0,0,0,0,0,3,202505212115,35.04312062386452,136.9841158,,,,,,,,,,,,,,,,,
t_travospublic_measure_5m.26308121.202505212115,85,23,5112340,1,20250521,2115,42,8,0,0,0,0,0,34,10,0,0,0,0,0,3,202505212115,35.06974911389942,136.7566216,,,,,,,,,,,,,,,,,
t_travospublic_measure_5m.26308122.202505212115,85,24,5112350,1,20250521,2115,58,16,0,0,0,0,0,34,17,0,0,0,0,0,3,202505212115,35.00912200381983,136.6732612,,,,,,,,,,,,,,,,,
t_travospublic_measure_5m.26308123.202505212115,85,24,5112355,1,20250521,2115,73,1,0,0,0,0,0,48,2,0,0,0,0,0,3,202505212115,34.75468373348215,136.5225828,,,,,,,,,,,,,,,,,
t_travospublic_measure_5m.26308124.202505212115,85,24,5112360,1,20250521,2115,26,0,0,0,0,0,0,36,0,0,0,0,0,0,3,202505212115,34.558484833217825,136.6473028,,,,,,,,,,,,,,,,,
t_travospublic_measure_5m.26308125.202505212115,85,24,5112370,1,20250521,2115,27,4,0,0,0,0,0,43,3,0,0,0,0,0,3,202505212115,34.78302070352005,136.5006557,,,,,,,,,,,,,,,,,
t_travospublic_measure_5m.26308126.202505212115,85,24,5112375,1,20250521,2115,30,1,0,0,0,0,0,45,1,0,0,0,0,0,3,202505212115,34.74150673346451,136.4838785,,,,,,,,,,,,,,,,,
t_travospublic_measure_5m.26308127.202505212115,85,24,5112550,1,20250521,2115,27,40,0,0,0,0,0,20,15,0,0,0,0,0,3,202505212115,34.839452033595315,136.260335,,,,,,,,,,,,,,,,,
t_travospublic_measure_5m.26308128.202505212115,85,24,5112590,1,20250521,2115,25,32,0,0,0,0,0,21,19,0,0,0,0,0,3,202505212115,34.703780033413906,136.071242,,,,,,,,,,,,,,,,,
t_travospublic_measure_5m.26308129.202505212115,85,22,5113885,1,20250521,2115,14,5,0,0,0,0,0,12,3,0,0,0,0,0,3,202505212115,35.33142394423902,138.8977143,,,,,,,,,,,,,,,,,
t_travospublic_measure_5m.26308130.202505212115,85,22,5113890,1,20250521,2115,13,1,0,0,0,0,0,10,0,0,0,0,0,0,3,202505212115,35.32388868422933,138.9049485,,,,,,,,,,,,,,,,,
t_travospublic_measure_5m.26308131.202505212115,85,22,5113910,1,20250521,2115,44,4,0,0,0,0,0,70,5,0,0,0,0,0,3,202505212115,35.18190903404577,138.676858,,,,,,,,,,,,,,,,,
t_travospublic_measure_5m.26308132.202505212115,85,22,5113920,1,20250521,2115,33,0,0,0,0,0,0,51,7,0,0,0,0,0,3,202505212115,35.209794034081966,138.64987,,,,,,,,,,,,,,,,,
t_travospublic_measure_5m.26308133.202505212115,85,22,5113990,1,20250521,2115,2,3,0,0,0,0,0,4,2,0,0,0,0,0,3,202505212115,35.41511303434628,138.590083,,,,,,,,,,,,,,,,,
t_travospublic_measure_5m.26308134.202505212115,85,23,5114110,1,20250521,2115,54,10,0,0,0,0,0,47,4,0,0,0,0,0,3,202505212115,35.268750034158266,136.907566,,,,,,,,,,,,,,,,,
t_travospublic_measure_5m.26308135.202505212115,85,23,5114120,1,20250521,2115,35,4,0,0,0,0,0,44,4,0,0,0,0,0,3,202505212115,35.33167103423934,136.91981,,,,,,,,,,,,,,,,,
t_travospublic_measure_5m.26308136.202505212115,85,21,5114130,1,20250521,2115,5,2,0,0,0,0,0,13,1,0,0,0,0,0,3,202505212115,35.48643303443713,137.055201,,,,,,,,,,,,,,,,,
t_travospublic_measure_5m.26308137.202505212115,85,21,5114140,1,20250521,2115,0,0,0,0,0,1,0,5,1,0,0,0,0,0,3,202505212115,35.78858303481656,137.25606,,,,,,,,,,,,,,,,,
t_travospublic_measure_5m.26308138.202505212115,85,21,5114150,1,20250521,2115,9,0,0,0,0,0,0,5,0,0,0,0,0,0,3,202505212115,35.86755403491424,137.213563,,,,,,,,,,,,,,,,,
t_travospublic_measure_5m.26308139.202505212115,85,21,5114160,1,20250521,2115,7,2,0,0,0,0,0,9,0,0,0,0,0,0,3,202505212115,36.07096803516291,137.267306,,,,,,,,,,,,,,,,,
t_travospublic_measure_5m.26308140.202505212115,85,21,5114170,1,20250521,2115,4,2,0,0,0,0,0,4,0,0,0,0,0,0,3,202505212115,36.26496203539611,137.138911,,,,,,,,,,,,,,,,,
t_travospublic_measure_5m.26308141.202505212115,85,21,5114180,1,20250521,2115,3,2,0,0,0,0,0,2,0,0,0,0,0,0,3,202505212115,36.459520035626035,137.248946,,,,,,,,,,,,,,,,,
t_travospublic_measure_5m.26308142.202505212115,85,24,5114210,1,20250521,2115,24,1,0,0,0,0,0,26,0,0,0,0,0,0,3,202505212115,34.51961103316506,136.541333,,,,,,,,,,,,,,,,,
t_travospublic_measure_5m.26308143.202505212115,85,24,5114230,1,20250521,2115,1,0,0,0,0,0,0,4,0,0,0,0,0,0,3,202505212115,34.31527803288554,136.410056,,,,,,,,,,,,,,,,,
t_travospublic_measure_5m.26308144.202505212115,85,24,5114250,1,20250521,2115,1,0,0,0,0,0,0,1,0,0,0,0,0,0,3,202505212115,34.09569403258125,136.196222,,,,,,,,,,,,,,,,,
t_travospublic_measure_5m.26308145.202505212115,85,24,5114270,1,20250521,2115,0,0,0,0,0,0,0,2,0,0,0,0,0,0,3,202505212115,34.275333032830495,136.358917,,,,,,,,,,,,,,,,,
t_travospublic_measure_5m.26308146.202505212115,85,24,5114290,1,20250521,2115,4,2,0,0,0,0,0,10,0,0,0,0,0,0,3,202505212115,33.86069403225124,136.076111,,,,,,,,,,,,,,,,,
t_travospublic_measure_5m.26308147.202505212115,85,22,5114610,1,20250521,2115,42,3,3,0,0,0,0,56,6,2,0,0,0,0,3,202505212115,35.152874244008,138.8951207,,,,,,,,,,,,,,,,,
t_travospublic_measure_5m.26308148.202505212115,85,22,5114620,1,20250521,2115,24,3,1,0,0,0,0,26,1,2,0,0,0,0,3,202505212115,35.13134103397993,138.875041,,,,,,,,,,,,,,,,,
t_travospublic_measure_5m.26308149.202505212115,85,22,5114630,1,20250521,2115,37,2,0,0,0,0,0,34,7,0,0,0,0,0,3,202505212115,35.14589793399891,138.8871002,,,,,,,,,,,,,,,,,
t_travospublic_measure_5m.26308150.202505212115,85,22,5114680,1,20250521,2115,10,5,0,0,0,0,0,4,0,0,0,0,0,0,3,202505212115,35.35910497427457,139.0109217,,,,,,,,,,,,,,,,,
t_travospublic_measure_5m.26308151.202505212115,85,22,5114740,1,20250521,2115,0,0,0,0,0,0,0,3,0,0,0,0,0,0,3,202505212115,35.073007033903686,137.787657,,,,,,,,,,,,,,,,,
t_travospublic_measure_5m.26308152.202505212115,85,22,5114750,1,20250521,2115,0,0,0,0,0,0,0,2,1,0,0,0,0,0,3,202505212115,34.90575222368336,137.6681803,,,,,,,,,,,,,,,,,
t_travospublic_measure_5m.26308153.202505212115,85,22,5115250,1,20250521,2115,1,1,0,0,0,0,0,2,0,0,0,0,0,0,3,202505212115,35.137162033987515,138.520651,,,,,,,,,,,,,,,,,
t_travospublic_measure_5m.26308154.202505212115,85,23,5115320,1,20250521,2115,54,1,0,0,0,0,0,35,1,0,0,0,0,0,3,202505212115,35.10723119394846,137.0409411,,,,,,,,,,,,,,,,,
t_travospublic_measure_5m.26308155.202505212115,85,23,5115340,1,20250521,2115,7,2,0,0,0,0,0,7,0,0,0,0,0,0,3,202505212115,35.13153551398018,137.304967,,,,,,,,,,,,,,,,,
t_travospublic_measure_5m.26308156.202505212115,85,20,5115350,1,20250521,2115,0,0,0,0,0,0,0,4,0,0,0,0,0,0,3,202505212115,35.25565403414135,137.573829,,,,,,,,,,,,,,,,,
t_travospublic_measure_5m.26308157.202505212115,85,20,5115360,1,20250521,2115,0,1,0,0,0,0,0,1,1,0,0,0,0,0,3,202505212115,35.37231503429151,137.677606,,,,,,,,,,,,,,,,,
t_travospublic_measure_5m.26308158.202505212115,85,20,5115370,1,20250521,2115,22,1,0,0,0,0,0,16,0,0,0,0,0,0,3,202505212115,35.50121594445591,137.794953,,,,,,,,,,,,,,,,,
t_travospublic_measure_5m.26308159.202505212115,85,20,5115380,1,20250521,2115,23,0,0,0,0,0,0,2,0,0,0,0,0,0,3,202505212115,35.71541168472551,137.9379522,,,,,,,,,,,,,,,,,
t_travospublic_measure_5m.26308160.202505212115,85,23,5115530,1,20250521,2115,28,3,0,0,0,0,0,25,15,0,0,0,0,0,3,202505212115,35.06429103389226,137.11723,,,,,,,,,,,,,,,,,
t_travospublic_measure_5m.26308161.202505212115,85,21,5115610,1,20250521,2115,53,7,0,0,0,0,0,56,2,0,0,0,0,0,3,202505212115,35.39814591432458,136.7848921,,,,,,,,,,,,,,,,,
t_travospublic_measure_5m.26308162.202505212115,85,21,5115630,1,20250521,2115,7,0,0,0,0,0,0,20,1,0,0,0,0,0,3,202505212115,35.73557476475065,136.9518113,,,,,,,,,,,,,,,,,
t_travospublic_measure_5m.26308163.202505212115,85,21,5115650,1,20250521,2115,1,0,0,0,0,0,0,3,0,0,0,0,0,0,3,202505212115,35.88316975493347,136.85442030000002,,,,,,,,,,,,,,,,,
t_travospublic_measure_5m.26308164.202505212115,85,21,5115680,1,20250521,2115,1,0,0,0,0,0,0,1,0,0,0,0,0,0,3,202505212115,35.99802490507423,136.9009352,,,,,,,,,,,,,,,,,
t_travospublic_measure_5m.26308165.202505212115,85,21,5115820,1,20250521,2115,0,0,0,0,0,0,0,4,0,0,0,0,0,0,3,202505212115,36.18407203529936,137.542187,,,,,,,,,,,,,,,,,
t_travospublic_measure_5m.26308166.202505212115,85,22,5123510,1,20250521,2115,15,1,0,0,0,0,0,18,1,0,0,0,0,0,3,202505212115,35.141546483993245,139.1103673,,,,,,,,,,,,,,,,,
t_travospublic_measure_5m.26308167.202505212115,85,20,5125390,1,20250521,2115,15,2,0,0,0,0,0,13,1,0,0,0,0,0,3,202505212115,35.876706504925515,137.9806852,,,,,,,,,,,,,,,,,
t_travospublic_measure_5m.26308168.202505212115,85,23,5311910,1,20250521,2115,28,3,0,0,0,0,0,45,0,0,0,0,0,0,3,202505212115,35.124239273970666,136.856963,,,,,,,,,,,,,,,,,
t_travospublic_measure_5m.26308169.202505212115,86,,6110010,1,20250521,2115,20,0,0,0,0,0,0,6,2,0,0,0,0,0,3,202505212115,34.938138216795814,136.265283823013,,,,,,,,,,,,,,,,,
t_travospublic_measure_5m.26308170.202505212115,86,,6110020,1,20250521,2115,19,3,0,0,0,0,0,23,0,0,0,0,0,0,3,202505212115,34.990936305895495,136.115165948867,,,,,,,,,,,,,,,,,
t_travospublic_measure_5m.26308171.202505212115,86,,6110030,1,20250521,2115,18,0,2,0,0,0,0,1,0,0,0,0,0,0,3,202505212115,35.005385003512316,135.956851243972,,,,,,,,,,,,,,,,,
t_travospublic_measure_5m.26308172.202505212115,86,,6110040,1,20250521,2115,12,3,0,0,0,0,0,14,1,0,0,0,0,0,3,202505212115,34.95699292997823,135.913501381874,,,,,,,,,,,,,,,,,
t_travospublic_measure_5m.26308173.202505212115,86,,6110050,1,20250521,2115,51,1,0,0,0,0,0,45,3,0,0,0,0,0,3,202505212115,34.99087038445861,135.844525694847,,,,,,,,,,,,,,,,,
t_travospublic_measure_5m.26308174.202505212115,86,,6110060,1,20250521,2115,74,8,0,0,0,0,0,71,10,0,0,0,0,0,3,202505212115,34.99142632024544,135.831109285354,,,,,,,,,,,,,,,,,
t_travospublic_measure_5m.26308175.202505212115,86,,6110070,1,20250521,2115,62,1,0,0,0,0,0,46,6,0,0,0,0,0,3,202505212115,34.98630409707048,135.82777261734,,,,,,,,,,,,,,,,,
t_travospublic_measure_5m.26308176.202505212115,86,,6110080,1,20250521,2115,57,11,0,0,0,0,0,49,11,0,0,0,0,0,3,202505212115,34.91099177877929,135.744452476501,,,,,,,,,,,,,,,,,
t_travospublic_measure_5m.26308177.202505212115,86,,6110090,1,20250521,2115,66,11,0,0,0,0,0,84,19,0,0,0,0,0,3,202505212115,34.805311519271704,135.649480819702,,,,,,,,,,,,,,,,,
t_travospublic_measure_5m.26308178.202505212115,86,,6110100,1,20250521,2115,31,2,0,0,0,0,0,25,1,0,0,0,0,0,3,202505212115,34.81945711253497,135.720393061637,,,,,,,,,,,,,,,,,
t_travospublic_measure_5m.26308179.202505212115,86,,6110110,1,20250521,2115,39,3,0,0,0,0,0,32,4,0,0,0,0,0,3,202505212115,34.71960434074075,135.436824560165,,,,,,,,,,,,,,,,,
t_travospublic_measure_5m.26308180.202505212115,86,,6110120,1,20250521,2115,24,0,0,0,0,0,0,39,1,0,0,0,0,0,3,202505212115,34.64078623273222,135.106242299079,,,,,,,,,,,,,,,,,
t_travospublic_measure_5m.26308181.202505212115,86,,6110130,1,20250521,2115,93,22,0,0,0,0,0,80,20,0,0,0,0,0,3,202505212115,34.75756172115131,134.859353005886,,,,,,,,,,,,,,,,,
t_travospublic_measure_5m.26308182.202505212115,86,,6110150,1,20250521,2115,54,17,0,0,0,0,0,48,18,0,0,0,0,0,3,202505212115,34.847425137493005,134.578367471694,,,,,,,,,,,,,,,,,
t_travospublic_measure_5m.26308183.202505212115,86,,6110160,1,20250521,2115,31,13,0,0,0,0,0,39,11,0,0,0,0,0,3,202505212115,34.824513790274004,134.512607753276,,,,,,,,,,,,,,,,,
t_travospublic_measure_5m.26308184.202505212115,86,,6110170,1,20250521,2115,8,1,0,0,0,0,0,15,5,0,0,0,0,0,3,202505212115,36.23649392464164,136.286623477935,,,,,,,,,,,,,,,,,
t_travospublic_measure_5m.26308185.202505212115,86,,6110180,1,20250521,2115,3,1,0,0,0,0,0,5,6,0,0,0,0,0,3,202505212115,35.792989034822035,136.092793,,,,,,,,,,,,,,,,,
t_travospublic_measure_5m.26308186.202505212115,86,,6110190,1,20250521,2115,3,5,0,0,0,0,0,2,7,0,0,0,0,0,3,202505212115,35.62256603460919,136.08205800000002,,,,,,,,,,,,,,,,,
t_travospublic_measure_5m.26308187.202505212115,86,,6110200,1,20250521,2115,21,0,0,0,0,0,0,9,0,0,0,0,0,0,3,202505212115,35.319800029709974,136.279370784759,,,,,,,,,,,,,,,,,
t_travospublic_measure_5m.26308188.202505212115,86,,6110210,1,20250521,2115,28,2,0,0,0,0,0,30,2,0,0,0,0,0,3,202505212115,35.25049070224537,136.262805461883,,,,,,,,,,,,,,,,,
t_travospublic_measure_5m.26308189.202505212115,86,,6110220,1,20250521,2115,20,1,0,0,0,0,0,20,3,0,0,0,0,0,3,202505212115,35.135413702721344,136.168110072612,,,,,,,,,,,,,,,,,
t_travospublic_measure_5m.26308190.202505212115,86,,6110230,1,20250521,2115,46,2,0,0,0,0,0,42,0,0,0,0,0,0,3,202505212115,35.05193480694747,136.028718352317,,,,,,,,,,,,,,,,,
t_travospublic_measure_5m.26308191.202505212115,86,,6110240,1,20250521,2115,40,3,0,0,0,0,0,48,2,0,0,0,0,0,3,202505212115,34.97508726487281,135.666646957397,,,,,,,,,,,,,,,,,
t_travospublic_measure_5m.26308192.202505212115,86,,6110250,1,20250521,2115,30,2,0,0,0,0,0,28,1,0,0,0,0,0,3,202505212115,35.290674394918256,135.122528672218,,,,,,,,,,,,,,,,,
t_travospublic_measure_5m.26308193.202505212115,86,,6110260,1,20250521,2115,6,0,0,0,0,0,0,5,0,0,0,0,0,0,3,202505212115,35.33418386481987,134.859425425529,,,,,,,,,,,,,,,,,
t_travospublic_measure_5m.26308194.202505212115,86,,6110270,1,20250521,2115,4,0,0,0,0,0,0,12,0,0,0,0,0,0,3,202505212115,35.37906081109355,134.782794713974,,,,,,,,,,,,,,,,,
t_travospublic_measure_5m.26308195.202505212115,86,,6110280,1,20250521,2115,3,0,0,0,0,0,0,1,0,0,0,0,0,0,3,202505212115,35.39752934547739,134.617635011672,,,,,,,,,,,,,,,,,
t_travospublic_measure_5m.26308196.202505212115,86,,6110290,1,20250521,2115,4,0,0,0,0,0,0,9,7,0,0,0,0,0,3,202505212115,35.3445505431606,136.408736407756,,,,,,,,,,,,,,,,,
t_travospublic_measure_5m.26308197.202505212115,86,,6110300,1,20250521,2115,18,1,0,0,0,0,0,40,1,0,0,0,0,0,3,202505212115,34.929386538763445,135.767959356307,,,,,,,,,,,,,,,,,
t_travospublic_measure_5m.26308198.202505212115,86,,6110310,1,20250521,2115,57,4,0,0,0,0,0,39,3,0,0,0,0,0,3,202505212115,34.692826863672394,135.811829566955,,,,,,,,,,,,,,,,,
t_travospublic_measure_5m.26308199.202505212115,86,,6110320,1,20250521,2115,,,,0,0,0,1,,,,0,0,0,1,3,202505212115,34.49633103313339,135.742759,,,,,,,,,,,,,,,,,
t_travospublic_measure_5m.26308200.202505212115,86,,6110330,1,20250521,2115,44,2,0,0,0,0,0,41,1,0,0,0,0,0,3,202505212115,34.255336527005475,135.221571922302,,,,,,,,,,,,,,,,,
t_travospublic_measure_5m.26308201.202505212115,86,,6110340,1,20250521,2115,36,2,0,0,0,0,0,51,3,0,0,0,0,0,3,202505212115,34.59261679509626,135.476585626602,,,,,,,,,,,,,,,,,
t_travospublic_measure_5m.26308202.202505212115,86,,6110350,1,20250521,2115,59,6,0,0,0,0,0,67,2,0,0,0,0,0,3,202505212115,34.492391818044126,135.423381328582,,,,,,,,,,,,,,,,,
t_travospublic_measure_5m.26308203.202505212115,86,,6110361,1,20250521,2115,18,4,0,0,0,0,0,20,2,0,0,0,0,0,3,202505212115,34.27701629033371,135.164935521261,,,,,,,,,,,,,,,,,
t_travospublic_measure_5m.26308204.202505212115,86,,6110362,1,20250521,2115,15,3,0,0,0,0,0,22,1,0,0,0,0,0,3,202505212115,34.265713194676096,135.165954437361,,,,,,,,,,,,,,,,,
t_travospublic_measure_5m.26308205.202505212115,86,,6110370,1,20250521,2115,8,0,0,0,0,0,0,13,1,0,0,0,0,0,3,202505212115,35.61308303459727,135.971192,,,,,,,,,,,,,,,,,
t_travospublic_measure_5m.26308206.202505212115,86,,6110380,1,20250521,2115,8,2,0,0,0,0,0,12,3,0,0,0,0,0,3,202505212115,35.486004106628485,135.463869273662,,,,,,,,,,,,,,,,,
t_travospublic_measure_5m.26308207.202505212115,86,,6110390,1,20250521,2115,9,1,0,0,0,0,0,9,1,0,0,0,0,0,3,202505212115,35.30401991598347,135.272947382363,,,,,,,,,,,,,,,,,
t_travospublic_measure_5m.26308208.202505212115,86,,6110410,1,20250521,2115,8,0,0,0,0,0,0,13,1,0,0,0,0,0,3,202505212115,34.99524305806187,134.558363556861,,,,,,,,,,,,,,,,,
t_travospublic_measure_5m.26308209.202505212115,86,,6110420,1,20250521,2115,0,0,0,0,0,0,0,0,0,0,0,0,0,0,3,202505212115,35.281340854617625,134.54649746418,,,,,,,,,,,,,,,,,
t_travospublic_measure_5m.26308210.202505212115,86,,6110430,1,20250521,2115,0,0,0,0,0,0,0,0,0,0,0,0,0,0,3,202505212115,33.577233165562106,135.427241160067,,,,,,,,,,,,,,,,,
t_travospublic_measure_5m.26308211.202505212115,86,,6110440,1,20250521,2115,35,0,0,0,0,0,0,17,0,0,0,0,0,0,3,202505212115,34.143380032647656,135.20039,,,,,,,,,,,,,,,,,
t_travospublic_measure_5m.26308212.202505212115,86,,6110450,1,20250521,2115,49,21,0,0,0,0,0,70,17,0,0,0,0,0,3,202505212115,34.71254919312948,135.425688028335,,,,,,,,,,,,,,,,,
t_travospublic_measure_5m.26308213.202505212115,86,,6110460,1,20250521,2115,11,8,0,0,0,0,0,6,3,0,0,0,0,0,3,202505212115,35.431053158155514,136.016224622726,,,,,,,,,,,,,,,,,
t_travospublic_measure_5m.26308214.202505212115,86,,6110470,1,20250521,2115,13,8,0,0,0,0,0,6,2,0,0,0,0,0,3,202505212115,35.21341864052877,135.925826132297,,,,,,,,,,,,,,,,,
t_travospublic_measure_5m.26308215.202505212115,86,,6110500,1,20250521,2115,0,0,0,0,0,0,0,0,0,0,0,0,0,0,3,202505212115,35.10094221794055,135.892639160156,,,,,,,,,,,,,,,,,
t_travospublic_measure_5m.26308216.202505212115,86,,6110510,1,20250521,2115,7,1,0,0,0,0,0,29,6,0,0,0,0,0,3,202505212115,35.080206671418715,135.881878137588,,,,,,,,,,,,,,,,,
t_travospublic_measure_5m.26308217.202505212115,86,,6110520,1,20250521,2115,41,10,0,0,0,0,0,13,3,17,0,0,0,0,3,202505212115,35.00895503826151,135.838812589645,,,,,,,,,,,,,,,,,
t_travospublic_measure_5m.26308218.202505212115,86,,6110530,1,20250521,2115,39,4,0,0,0,0,0,41,7,0,0,0,0,0,3,202505212115,34.8925928963683,135.684016942977,,,,,,,,,,,,,,,,,
t_travospublic_measure_5m.26308219.202505212115,86,,6110540,1,20250521,2115,35,2,0,0,0,0,0,26,4,0,0,0,0,0,3,202505212115,34.686726631641484,134.982630014419,,,,,,,,,,,,,,,,,
t_travospublic_measure_5m.26308220.202505212115,86,,6110550,1,20250521,2115,4,1,0,0,0,0,0,2,1,0,0,0,0,0,3,202505212115,35.04658141349765,134.987468719482,,,,,,,,,,,,,,,,,
t_travospublic_measure_5m.26308221.202505212115,86,,6110650,1,20250521,2115,42,2,0,0,0,0,0,41,6,0,0,0,0,0,3,202505212115,34.53594852398045,135.777744054,,,,,,,,,,,,,,,,,
t_travospublic_measure_5m.26308222.202505212115,86,,6110670,1,20250521,2115,16,1,0,0,0,0,0,35,6,0,0,0,0,0,3,202505212115,34.486465033119956,135.763168,,,,,,,,,,,,,,,,,
t_travospublic_measure_5m.26308223.202505212115,86,,6110700,1,20250521,2115,7,2,0,0,0,0,0,23,2,0,0,0,0,0,3,202505212115,34.36883103295914,135.698397,,,,,,,,,,,,,,,,,
t_travospublic_measure_5m.26308224.202505212115,86,,6110710,1,20250521,2115,12,1,0,0,0,0,0,16,1,0,0,0,0,0,3,202505212115,34.346251032928144,135.675464,,,,,,,,,,,,,,,,,
t_travospublic_measure_5m.26308225.202505212115,86,,6110720,1,20250521,2115,11,1,0,0,0,0,0,10,1,0,0,0,0,0,3,202505212115,34.34307531292378,135.6723947,,,,,,,,,,,,,,,,,
t_travospublic_measure_5m.26308226.202505212115,86,,6110730,1,20250521,2115,15,6,0,0,0,0,0,18,2,0,0,0,0,0,3,202505212115,34.3344353954711,135.643944740295,,,,,,,,,,,,,,,,,
t_travospublic_measure_5m.26308227.202505212115,86,,6110740,1,20250521,2115,18,3,0,0,0,0,0,19,2,0,0,0,0,0,3,202505212115,34.32057809029414,135.595622062683,,,,,,,,,,,,,,,,,
t_travospublic_measure_5m.26308228.202505212115,86,,6110750,1,20250521,2115,15,3,0,0,0,0,0,19,1,0,0,0,0,0,3,202505212115,34.30420703287028,135.508371,,,,,,,,,,,,,,,,,
t_travospublic_measure_5m.26308229.202505212115,86,,6110760,1,20250521,2115,17,5,0,0,0,0,0,15,1,0,0,0,0,0,3,202505212115,34.300277802864876,135.49583333,,,,,,,,,,,,,,,,,
t_travospublic_measure_5m.26308230.202505212115,86,,6110765,1,20250521,2115,11,0,0,0,0,0,0,16,1,0,0,0,0,0,3,202505212115,34.293299032855266,135.42037,,,,,,,,,,,,,,,,,
t_travospublic_measure_5m.26308231.202505212115,86,,6110780,1,20250521,2115,12,1,0,0,0,0,0,16,1,0,0,0,0,0,3,202505212115,34.290835032851874,135.406025,,,,,,,,,,,,,,,,,
t_travospublic_measure_5m.26308232.202505212115,86,,6110790,1,20250521,2115,6,0,0,0,0,0,0,4,1,0,0,0,0,0,3,202505212115,34.28766234793788,135.279854549589,,,,,,,,,,,,,,,,,
t_travospublic_measure_5m.26308233.202505212115,86,,6110810,1,20250521,2115,0,0,0,0,0,0,0,0,0,0,0,0,0,0,3,202505212115,35.91898971813652,136.6293598948,,,,,,,,,,,,,,,,,
t_travospublic_measure_5m.26308234.202505212115,86,,6110820,1,20250521,2115,0,1,0,0,0,0,0,0,0,0,0,0,0,0,3,202505212115,35.963561035032136,136.602468,,,,,,,,,,,,,,,,,
t_travospublic_measure_5m.26308235.202505212115,86,,6110840,1,20250521,2115,0,0,0,0,0,0,0,1,0,0,0,0,0,0,3,202505212115,35.98949103506382,136.526729,,,,,,,,,,,,,,,,,
t_travospublic_measure_5m.26308236.202505212115,86,,6110860,1,20250521,2115,8,0,0,0,0,0,0,21,1,0,0,0,0,0,3,202505212115,36.062580031168245,136.445198357105,,,,,,,,,,,,,,,,,
t_travospublic_measure_5m.26308237.202505212115,86,,6110870,1,20250521,2115,6,0,0,0,0,0,0,16,0,0,0,0,0,0,3,202505212115,36.074224272699254,136.374473869296,,,,,,,,,,,,,,,,,
t_travospublic_measure_5m.26308238.202505212115,86,,6110880,1,20250521,2115,4,0,0,0,0,0,0,19,0,0,0,0,0,0,3,202505212115,36.086521994378465,136.324462164098,,,,,,,,,,,,,,,,,
t_travospublic_measure_5m.26308239.202505212115,86,,6110980,1,20250521,2115,5,1,0,0,0,0,0,1,1,0,0,0,0,0,3,202505212115,35.30511375498357,134.89226102828903,,,,,,,,,,,,,,,,,
t_travospublic_measure_5m.26308240.202505212115,86,,6111020,1,20250521,2115,31,27,0,0,0,0,0,12,17,0,0,0,0,0,3,202505212115,34.61538892329484,135.8745,,,,,,,,,,,,,,,,,
t_travospublic_measure_5m.26308241.202505212115,86,,6111030,1,20250521,2115,7,0,0,0,0,0,0,10,0,0,0,0,0,0,3,202505212115,33.670648031981166,135.947246,,,,,,,,,,,,,,,,,
t_travospublic_measure_5m.26308242.202505212115,86,,6111040,1,20250521,2115,0,0,0,0,0,0,0,6,0,0,0,0,0,0,1,202505212115,33.74362082208521,135.40352793,,,,,,,,,,,,,,,,,
t_travospublic_measure_5m.26308243.202505212115,86,,6111050,1,20250521,2115,1,0,0,0,0,0,0,9,0,0,0,0,0,0,1,202505212115,33.67806806199178,135.40361475,,,,,,,,,,,,,,,,,
t_travospublic_measure_5m.26308244.202505212115,86,,6111060,1,20250521,2115,1,0,0,0,0,0,0,11,0,0,0,0,0,0,1,202505212115,33.63743103193369,135.410147,,,,,,,,,,,,,,,,,
t_travospublic_measure_5m.26308245.202505212115,86,,6111070,1,20250521,2115,3,0,0,0,0,0,0,5,0,0,0,0,0,0,1,202505212115,33.56605113183135,135.49421066,,,,,,,,,,,,,,,,,
t_travospublic_measure_5m.26308246.202505212115,86,,6111080,1,20250521,2115,4,1,1,0,0,0,0,3,0,0,0,0,0,0,1,202505212115,33.53123967178131,135.54653822,,,,,,,,,,,,,,,,,
t_travospublic_measure_5m.26308247.202505212115,86,,6111090,1,20250521,2115,0,0,0,0,0,0,0,7,0,0,0,0,0,0,3,202505212115,33.620083251908845,135.91802864,,,,,,,,,,,,,,,,,
t_travospublic_measure_5m.26308248.202505212115,86,,6111094,1,20250521,2115,5,0,1,0,0,0,0,3,1,0,0,0,0,0,3,202505212115,33.73308003207021,136.004619,,,,,,,,,,,,,,,,,
t_travospublic_measure_5m.26308249.202505212115,86,,6111100,1,20250521,2115,14,4,0,0,0,0,0,12,2,0,0,0,0,0,3,202505212115,34.29138892285263,135.3613889,,,,,,,,,,,,,,,,,
t_travospublic_measure_5m.26308250.202505212115,87,,7110010,1,20250521,2115,18,19,0,0,0,0,0,18,12,0,0,0,0,0,3,202505212115,34.7397814534622,134.1635598,,,,,,,,,,,,,,,,,
t_travospublic_measure_5m.26308251.202505212115,87,,7110030,1,20250521,2115,34,12,0,0,0,0,0,43,4,0,0,0,0,0,3,202505212115,34.5766214332424,133.720196,,,,,,,,,,,,,,,,,
t_travospublic_measure_5m.26308252.202505212115,87,,7110040,1,20250521,2115,,,,0,0,0,1,,,,0,0,0,1,3,202505212115,34.51540182315934,133.565914,,,,,,,,,,,,,,,,,
t_travospublic_measure_5m.26308253.202505212115,87,,7110050,1,20250521,2115,32,5,0,0,0,0,0,40,9,0,0,0,0,0,3,202505212115,34.48565560311886,133.3551943,,,,,,,,,,,,,,,,,
t_travospublic_measure_5m.26308254.202505212115,87,,7110060,1,20250521,2115,49,6,0,0,0,0,0,41,0,0,0,0,0,0,3,202505212115,34.42263781303284,133.2070398,,,,,,,,,,,,,,,,,
t_travospublic_measure_5m.26308255.202505212115,87,,7110070,1,20250521,2115,22,5,0,0,0,0,0,20,5,0,0,0,0,0,3,202505212115,34.407573573012236,133.1699288,,,,,,,,,,,,,,,,,
t_travospublic_measure_5m.26308256.202505212115,87,,7110080,1,20250521,2115,6,2,0,0,0,0,0,16,3,0,0,0,0,0,3,202505212115,34.405688133009654,132.9629534,,,,,,,,,,,,,,,,,
t_travospublic_measure_5m.26308257.202505212115,87,,7110100,1,20250521,2115,0,1,0,0,0,0,0,1,0,0,0,0,0,0,3,202505212115,35.525440034486614,134.401402,,,,,,,,,,,,,,,,,
t_travospublic_measure_5m.26308258.202505212115,87,,7110120,1,20250521,2115,,,,0,0,0,1,,,,0,0,0,1,3,202505212115,35.52073503448066,133.602321,,,,,,,,,,,,,,,,,
t_travospublic_measure_5m.26308259.202505212115,87,,7110130,1,20250521,2115,20,3,0,0,0,0,0,26,5,0,0,0,0,0,3,202505212115,35.41880503435098,133.370183,,,,,,,,,,,,,,,,,
t_travospublic_measure_5m.26308260.202505212115,87,,7110140,1,20250521,2115,22,1,0,0,0,0,0,22,5,0,0,0,0,0,3,202505212115,35.42972217436492,133.16019770000003,,,,,,,,,,,,,,,,,
t_travospublic_measure_5m.26308261.202505212115,87,,7110150,1,20250521,2115,20,7,0,0,0,0,0,30,7,0,0,0,0,0,3,202505212115,35.41501435434614,132.9291201,,,,,,,,,,,,,,,,,
t_travospublic_measure_5m.26308262.202505212115,87,,7110160,1,20250521,2115,3,0,0,0,0,0,0,3,0,0,0,0,0,0,3,202505212115,35.220801104096246,132.5117898,,,,,,,,,,,,,,,,,
t_travospublic_measure_5m.26308263.202505212115,87,,7110170,1,20250521,2115,5,1,0,0,0,0,0,10,0,0,0,0,0,0,3,202505212115,34.75449303348189,131.907185,,,,,,,,,,,,,,,,,
t_travospublic_measure_5m.26308264.202505212115,87,,7110210,1,20250521,2115,7,0,0,0,0,0,0,5,2,0,0,0,0,0,3,202505212115,34.8389208935946,133.9257149,,,,,,,,,,,,,,,,,
t_travospublic_measure_5m.26308265.202505212115,87,,7110220,1,20250521,2115,,,,0,0,0,1,,,,0,0,0,1,3,202505212115,35.19265103405972,134.203535,,,,,,,,,,,,,,,,,
t_travospublic_measure_5m.26308266.202505212115,87,,7110230,1,20250521,2115,7,1,0,0,0,0,0,3,0,0,0,0,0,0,3,202505212115,34.76131441349103,132.8171003,,,,,,,,,,,,,,,,,
t_travospublic_measure_5m.26308267.202505212115,87,,7110260,1,20250521,2115,4,0,0,0,0,0,0,2,1,0,0,0,0,0,3,202505212115,33.97988891241918,132.1977222,,,,,,,,,,,,,,,,,
t_travospublic_measure_5m.26308268.202505212115,87,,7110270,1,20250521,2115,0,0,0,0,0,0,0,1,0,0,0,0,0,0,3,202505212115,34.65950003335435,131.6773889,,,,,,,,,,,,,,,,,
t_travospublic_measure_5m.26308269.202505212115,87,,7110280,1,20250521,2115,6,0,0,0,0,0,0,8,1,0,0,0,0,0,3,202505212115,34.419861143029046,131.4097778,,,,,,,,,,,,,,,,,
t_travospublic_measure_5m.26308270.202505212115,87,,7110290,1,20250521,2115,15,0,0,0,0,0,0,7,0,0,0,0,0,0,3,202505212115,34.371805582963226,131.1861389,,,,,,,,,,,,,,,,,
t_travospublic_measure_5m.26308271.202505212115,87,,7110300,1,20250521,2115,67,6,0,0,0,0,0,49,11,0,0,0,0,0,3,202505212115,34.38300703297858,132.459786,132.459786,34.38300703297858,,,,,,,,,,,,,,,
t_travospublic_measure_5m.26308272.202505212115,87,,7110310,1,20250521,2115,7,1,0,0,0,1,0,13,6,0,0,0,0,0,3,202505212115,34.37385803296604,132.421237,,,,,,,,,,,,,,,,,
t_travospublic_measure_5m.26308273.202505212115,87,,7110320,1,20250521,2115,5,0,0,0,0,0,0,7,1,0,0,0,0,0,3,202505212115,33.95763808238793,132.1366533,,,,,,,,,,,,,,,,,
t_travospublic_measure_5m.26308274.202505212115,87,,7116080,1,20250521,2115,17,8,0,0,0,0,0,19,8,0,0,0,0,0,3,202505212115,34.39666703299729,133.151389,,,,,,,,,,,,,,,,,
t_travospublic_measure_5m.26308275.202505212115,87,,7160010,1,20250521,2115,,,,0,0,0,1,,,,0,0,0,1,1,202505212115,34.5622222532229,133.1247222,,,,,,,,,,,,,,,,,
t_travospublic_measure_5m.26308276.202505212115,87,,7160020,1,20250521,2115,3,3,0,0,0,0,0,1,1,0,0,0,0,0,1,202505212115,35.07931507391195,132.8976065,,,,,,,,,,,,,,,,,
t_travospublic_measure_5m.26308277.202505212115,87,,7310030,1,20250521,2115,36,7,0,0,0,0,0,20,5,0,0,0,0,0,3,202505212115,34.49757349313508,133.4192187,,,,,,,,,,,,,,,,,
t_travospublic_measure_5m.26308278.202505212115,87,,7310040,1,20250521,2115,46,16,0,0,0,0,0,35,11,0,0,0,0,0,3,202505212115,34.4518823230728,133.2408893,,,,,,,,,,,,,,,,,
t_travospublic_measure_5m.26308279.202505212115,87,,7310050,1,20250521,2115,0,0,0,0,0,0,0,0,0,0,0,0,0,0,3,202505212115,35.52642103448786,134.014803,,,,,,,,,,,,,,,,,
t_travospublic_measure_5m.26308280.202505212115,87,,7310070,1,20250521,2115,3,0,0,0,0,0,0,2,2,0,0,0,0,0,3,202505212115,35.51442503447265,134.020507,,,,,,,,,,,,,,,,,
t_travospublic_measure_5m.26308281.202505212115,87,,7310080,1,20250521,2115,,,,0,0,0,1,,,,0,0,0,1,3,202505212115,35.50773503446417,133.951629,,,,,,,,,,,,,,,,,
t_travospublic_measure_5m.26308282.202505212115,87,,7310100,1,20250521,2115,8,0,0,0,0,0,0,2,0,0,0,0,0,0,3,202505212115,35.508808034465545,133.493736,,,,,,,,,,,,,,,,,
t_travospublic_measure_5m.26308283.202505212115,87,,7310110,1,20250521,2115,18,1,0,0,0,0,0,26,4,0,0,0,0,0,3,202505212115,35.39772612432404,132.8747235,,,,,,,,,,,,,,,,,
t_travospublic_measure_5m.26308284.202505212115,87,,7310120,1,20250521,2115,5,4,0,0,0,0,0,5,0,0,0,0,0,0,3,202505212115,35.068629523897954,132.3222435,,,,,,,,,,,,,,,,,
t_travospublic_measure_5m.26308285.202505212115,87,,7310130,1,20250521,2115,10,0,0,0,0,0,0,6,0,0,0,0,0,0,3,202505212115,35.419582034351976,134.259336,,,,,,,,,,,,,,,,,
t_travospublic_measure_5m.26308286.202505212115,87,,7310150,1,20250521,2115,0,0,0,0,0,0,0,0,0,0,0,0,0,0,3,202505212115,34.9738037337733,132.7317309,,,,,,,,,,,,,,,,,
t_travospublic_measure_5m.26308287.202505212115,87,,7310160,1,20250521,2115,2,1,0,0,0,0,0,1,0,0,0,0,0,0,3,202505212115,35.117460163961816,132.778337,,,,,,,,,,,,,,,,,
t_travospublic_measure_5m.26308288.202505212115,87,,7310170,1,20250521,2115,19,0,0,0,0,0,0,20,1,0,0,0,0,0,3,202505212115,34.705264123415894,133.7151146,,,,,,,,,,,,,,,,,
t_travospublic_measure_5m.26308289.202505212115,87,,7310180,1,20250521,2115,1,0,0,0,0,0,0,3,0,0,0,0,0,0,3,202505212115,34.38963891298768,131.3651944,,,,,,,,,,,,,,,,,
t_travospublic_measure_5m.26308290.202505212115,87,,7310190,1,20250521,2115,0,0,0,0,0,1,0,0,0,0,0,0,1,0,3,202505212115,35.48752003443851,134.19798,,,,,,,,,,,,,,,,,
t_travospublic_measure_5m.26308291.202505212115,87,,7310200,1,20250521,2115,16,0,0,0,0,0,0,4,0,0,0,0,0,0,3,202505212115,35.56082603453137,134.284636,,,,,,,,,,,,,,,,,
t_travospublic_measure_5m.26308292.202505212115,87,,7310210,1,20250521,2115,15,3,0,0,0,0,0,11,5,0,0,0,0,0,3,202505212115,35.50841503446504,133.518074,,,,,,,,,,,,,,,,,
t_travospublic_measure_5m.26308293.202505212115,87,,7310220,1,20250521,2115,13,0,0,0,0,0,0,20,0,0,0,0,0,0,3,202505212115,35.527027804488625,134.13269444,,,,,,,,,,,,,,,,,
t_travospublic_measure_5m.26308294.202505212115,87,,7310230,1,20250521,2115,,,,0,0,0,1,,,,0,0,0,1,3,202505212115,35.51102780446835,134.20186111,,,,,,,,,,,,,,,,,
t_travospublic_measure_5m.26308295.202505212115,87,,7310240,1,20250521,2115,5,0,0,0,0,0,0,4,0,0,0,0,0,0,3,202505212115,35.397000034323106,134.20377777,,,,,,,,,,,,,,,,,
t_travospublic_measure_5m.26308296.202505212115,87,,7310250,1,20250521,2115,4,3,0,0,0,0,0,1,1,0,0,0,0,0,3,202505212115,35.21870003409352,134.3247,,,,,,,,,,,,,,,,,
t_travospublic_measure_5m.26308297.202505212115,87,,7310260,1,20250521,2115,7,0,0,0,0,0,0,6,2,0,0,0,0,0,3,202505212115,35.132156843980994,132.4019922,,,,,,,,,,,,,,,,,
t_travospublic_measure_5m.26308298.202505212115,87,,7310270,1,20250521,2115,5,1,0,0,0,0,0,2,1,0,0,0,0,0,3,202505212115,35.08573619392036,132.3490609,,,,,,,,,,,,,,,,,
t_travospublic_measure_5m.26308299.202505212115,87,,7310280,1,20250521,2115,3,1,0,0,0,0,0,5,0,0,0,0,0,0,3,202505212115,35.076671573908484,132.335387,,,,,,,,,,,,,,,,,
t_travospublic_measure_5m.26308300.202505212115,87,,7310290,1,20250521,2115,6,1,0,0,0,0,0,5,2,0,0,0,0,0,3,202505212115,34.88220003365212,132.0657,,,,,,,,,,,,,,,,,
t_travospublic_measure_5m.26308301.202505212115,87,,7310300,1,20250521,2115,7,1,0,0,0,0,0,6,1,0,0,0,0,0,3,202505212115,34.86980443363566,132.0662027,,,,,,,,,,,,,,,,,
t_travospublic_measure_5m.26308302.202505212115,87,,7310310,1,20250521,2115,10,1,0,0,0,0,0,17,2,0,0,0,0,0,3,202505212115,34.34795203293048,132.689449,,,,,,,,,,,,,,,,,
t_travospublic_measure_5m.26308303.202505212115,87,,7310320,1,20250521,2115,10,3,0,0,0,0,0,9,3,0,0,0,0,0,3,202505212115,34.3631870329514,132.733939,,,,,,,,,,,,,,,,,
t_travospublic_measure_5m.26308304.202505212115,87,,7310340,1,20250521,2115,34,9,0,0,0,0,0,25,7,0,0,0,0,0,3,202505212115,34.46347803308863,133.26236,133.262329,34.46377003308901,,,,,,,,,,,,,,,
t_travospublic_measure_5m.26308305.202505212115,87,,7310350,1,20250521,2115,2,1,0,0,0,0,0,2,1,0,0,0,0,0,3,202505212115,34.83580109359045,131.9999083,,,,,,,,,,,,,,,,,
t_travospublic_measure_5m.26308306.202505212115,87,,7310370,1,20250521,2115,2,2,0,0,0,0,0,2,1,0,0,0,0,0,1,202505212115,35.200455524069866,132.8454097,,,,,,,,,,,,,,,,,
t_travospublic_measure_5m.26308307.202505212115,87,,7310410,1,20250521,2115,8,0,0,0,0,0,0,5,0,0,0,0,0,0,3,202505212115,35.21593257408993,132.5144274,,,,,,,,,,,,,,,,,
t_travospublic_measure_5m.26308308.202505212115,87,,7310420,1,20250521,2115,9,0,0,0,0,0,0,5,0,0,0,0,0,0,3,202505212115,35.275470134166945,132.6201357,,,,,,,,,,,,,,,,,
t_travospublic_measure_5m.26308309.202505212115,87,,7310460,1,20250521,2115,6,1,0,0,0,0,0,6,1,0,0,0,0,0,3,202505212115,35.20082803407034,132.459905,,,,,,,,,,,,,,,,,
t_travospublic_measure_5m.26308310.202505212115,87,,7310470,1,20250521,2115,5,0,0,0,0,0,0,5,2,0,0,0,0,0,3,202505212115,35.1986450340675,132.455753,,,,,,,,,,,,,,,,,
t_travospublic_measure_5m.26308311.202505212115,87,,7310510,1,20250521,2115,7,3,0,0,0,0,0,8,0,0,0,0,0,0,3,202505212115,34.40069503300281,132.797334,,,,,,,,,,,,,,,,,
t_travospublic_measure_5m.26308312.202505212115,87,,7310520,1,20250521,2115,18,2,0,0,0,0,0,18,3,0,0,0,0,0,3,202505212115,34.53976203319243,132.51558,,,,,,,,,,,,,,,,,
t_travospublic_measure_5m.26308313.202505212115,87,,7310530,1,20250521,2115,29,10,0,0,0,0,0,27,4,0,0,0,0,0,3,202505212115,34.347256032929515,132.31778000000003,,,,,,,,,,,,,,,,,
t_travospublic_measure_5m.26308314.202505212115,87,,7310540,1,20250521,2115,24,1,0,0,0,0,0,22,0,0,0,0,0,0,3,202505212115,34.310647032879174,132.631054,,,,,,,,,,,,,,,,,
t_travospublic_measure_5m.26308315.202505212115,87,,7310610,1,20250521,2115,15,3,0,0,0,0,0,0,1,0,0,0,0,0,3,202505212115,35.49457003444746,134.1603,,,,,,,,,,,,,,,,,
t_travospublic_measure_5m.26308316.202505212115,87,,7310620,1,20250521,2115,16,3,0,0,0,0,0,10,1,0,0,0,0,0,3,202505212115,35.50153003445631,134.0804,,,,,,,,,,,,,,,,,
t_travospublic_measure_5m.26308317.202505212115,87,,7310630,1,20250521,2115,15,3,0,0,0,0,0,12,1,0,0,0,0,0,3,202505212115,35.49990003445423,134.0626,,,,,,,,,,,,,,,,,
t_travospublic_measure_5m.26308318.202505212115,87,,7310640,1,20250521,2115,,,,,,,1,,,,,,,1,3,202505212115,35.50860003446527,134.0108,,,,,,,,,,,,,,,,,
t_travospublic_measure_5m.26308319.202505212115,87,,7360010,1,20250521,2115,2,0,0,0,0,0,0,2,0,0,0,0,0,0,1,202505212115,35.032454033850506,134.387568,,,,,,,,,,,,,,,,,
t_travospublic_measure_5m.26308320.202505212115,87,,7360020,1,20250521,2115,1,2,0,0,0,0,0,6,0,0,0,0,0,0,1,202505212115,35.07606803390771,134.346092,,,,,,,,,,,,,,,,,
t_travospublic_measure_5m.26308321.202505212115,87,,7360030,1,20250521,2115,0,0,0,0,0,0,0,13,5,0,0,0,0,0,3,202505212115,35.238191034118756,134.286932,,,,,,,,,,,,,,,,,
t_travospublic_measure_5m.26308322.202505212115,87,,7360040,1,20250521,2115,1,2,0,0,0,0,0,0,0,0,0,0,0,0,3,202505212115,35.284722034178905,134.227547,,,,,,,,,,,,,,,,,
t_travospublic_measure_5m.26308323.202505212115,87,,7360060,1,20250521,2115,15,3,0,0,0,0,0,0,0,0,0,0,0,0,1,202505212115,35.35362703426754,134.194581,,,,,,,,,,,,,,,,,
t_travospublic_measure_5m.26308324.202505212115,87,,7360070,1,20250521,2115,0,0,0,0,0,0,0,3,1,0,0,0,0,0,1,202505212115,35.37911003430021,134.204798,,,,,,,,,,,,,,,,,
t_travospublic_measure_5m.26308325.202505212115,87,,7360080,1,20250521,2115,10,0,0,0,0,0,0,0,0,0,0,0,0,0,1,202505212115,35.39104203431548,134.20339,,,,,,,,,,,,,,,,,
t_travospublic_measure_5m.26308326.202505212115,87,,7360090,1,20250521,2115,8,0,0,0,0,0,0,4,2,0,0,0,0,0,1,202505212115,35.40772703433684,134.206955,,,,,,,,,,,,,,,,,
t_travospublic_measure_5m.26308327.202505212115,87,,7360100,1,20250521,2115,7,0,0,0,0,0,0,5,0,0,0,0,0,0,1,202505212115,35.45862225662396,134.193141666666,,,,,,,,,,,,,,,,,
t_travospublic_measure_5m.26308328.202505212115,87,,7360110,1,20250521,2115,3,2,0,0,0,0,0,3,1,0,0,0,0,0,1,202505212115,35.113784033957025,134.331458,,,,,,,,,,,,,,,,,
t_travospublic_measure_5m.26308329.202505212115,87,,7360130,1,20250521,2115,,,,0,0,0,1,,,,0,0,1,1,1,202505212115,34.69455889340151,133.033421,,,,,,,,,,,,,,,,,
t_travospublic_measure_5m.26308330.202505212115,87,,7360140,1,20250521,2115,,,,0,0,0,1,,,,0,0,1,1,1,202505212115,34.687231643391655,133.0469408,,,,,,,,,,,,,,,,,
t_travospublic_measure_5m.26308331.202505212115,88,,8110010,1,20250521,2115,9,2,0,0,0,0,0,5,2,0,0,0,0,0,3,202505212115,34.2207184500313,134.411544799804,,,,,,,,,,,,,,,,,
t_travospublic_measure_5m.26308332.202505212115,88,,8110020,1,20250521,2115,36,0,0,0,0,0,0,28,2,0,0,0,0,0,3,202505212115,34.30277465209332,134.084776639938,,,,,,,,,,,,,,,,,
t_travospublic_measure_5m.26308333.202505212115,88,,8110030,1,20250521,2115,43,1,0,0,0,0,0,36,3,0,0,0,0,0,3,202505212115,34.29671450737887,133.946895003318,,,,,,,,,,,,,,,,,
t_travospublic_measure_5m.26308334.202505212115,88,,8110040,1,20250521,2115,19,2,0,0,0,0,0,18,1,0,0,0,0,0,3,202505212115,34.17417938671837,133.715951442718,,,,,,,,,,,,,,,,,
t_travospublic_measure_5m.26308335.202505212115,88,,8110050,1,20250521,2115,7,2,0,0,0,0,0,7,3,0,0,0,0,0,3,202505212115,33.91236267641698,133.20324182510302,,,,,,,,,,,,,,,,,
t_travospublic_measure_5m.26308336.202505212115,88,,8110060,1,20250521,2115,2,2,0,0,0,0,0,2,1,0,0,0,0,0,3,202505212115,33.82431235182997,132.984384298324,,,,,,,,,,,,,,,,,
t_travospublic_measure_5m.26308337.202505212115,88,,8110070,1,20250521,2115,18,0,0,0,0,0,0,17,1,0,0,0,0,0,3,202505212115,34.28544169692582,134.00050163269,,,,,,,,,,,,,,,,,
t_travospublic_measure_5m.26308338.202505212115,88,,8110080,1,20250521,2115,3,0,0,0,0,0,0,7,2,0,0,0,0,0,3,202505212115,34.10608825909625,133.799223303794,,,,,,,,,,,,,,,,,
t_travospublic_measure_5m.26308339.202505212115,88,,8110090,1,20250521,2115,12,1,0,0,0,0,0,11,2,0,0,0,0,0,3,202505212115,34.028957826825085,133.828164339065,,,,,,,,,,,,,,,,,
t_travospublic_measure_5m.26308340.202505212115,88,,8110100,1,20250521,2115,1,0,0,0,0,0,0,1,0,0,0,0,0,0,3,202505212115,33.950764901704936,133.764853477478,,,,,,,,,,,,,,,,,
t_travospublic_measure_5m.26308341.202505212115,88,,8110110,1,20250521,2115,8,1,0,0,0,0,0,10,0,0,0,0,0,0,3,202505212115,33.58909346194513,133.626092746853,,,,,,,,,,,,,,,,,
t_travospublic_measure_5m.26308342.202505212115,88,,8110115,1,20250521,2115,6,2,0,0,0,0,0,18,0,0,0,0,0,0,3,202505212115,33.548205918990114,133.451582193374,,,,,,,,,,,,,,,,,
t_travospublic_measure_5m.26308343.202505212115,88,,8110120,1,20250521,2115,11,2,0,0,0,0,0,22,1,0,0,0,0,0,3,202505212115,33.543133969132924,133.402808904647,,,,,,,,,,,,,,,,,
t_travospublic_measure_5m.26308344.202505212115,88,,8110130,1,20250521,2115,18,0,0,0,0,0,0,4,0,1,0,0,0,0,3,202505212115,33.7476978963593,132.791587114334,,,,,,,,,,,,,,,,,
t_travospublic_measure_5m.26308345.202505212115,88,,8110131,1,20250521,2115,0,0,0,0,0,0,0,6,0,0,0,0,0,0,3,202505212115,33.793408870729856,134.592427611351,,,,,,,,,,,,,,,,,
t_travospublic_measure_5m.26308346.202505212115,88,,8110140,1,20250521,2115,2,0,0,0,0,0,0,5,0,0,0,0,0,0,3,202505212115,33.63466659400443,134.369745254516,,,,,,,,,,,,,,,,,
t_travospublic_measure_5m.26308347.202505212115,88,,8110142,1,20250521,2115,0,0,0,0,0,0,0,5,0,0,0,0,0,0,3,202505212115,33.74774819013548,134.53964678124,,,,,,,,,,,,,,,,,
t_travospublic_measure_5m.26308348.202505212115,88,,8110150,1,20250521,2115,1,1,0,0,0,0,0,1,0,0,0,0,0,0,3,202505212115,33.54318503179848,134.2936,,,,,,,,,,,,,,,,,
t_travospublic_measure_5m.26308349.202505212115,88,,8110151,1,20250521,2115,6,0,0,0,0,0,0,1,0,0,0,0,0,0,3,202505212115,33.42133103162269,134.025327,,,,,,,,,,,,,,,,,
t_travospublic_measure_5m.26308350.202505212115,88,,8110160,1,20250521,2115,4,0,0,0,0,0,0,1,0,0,0,0,0,0,3,202505212115,33.53924497073882,133.738444460766,,,,,,,,,,,,,,,,,
t_travospublic_measure_5m.26308351.202505212115,88,,8110161,1,20250521,2115,9,0,0,0,0,0,0,12,0,0,0,0,0,0,3,202505212115,33.520916544031145,133.780702650547,,,,,,,,,,,,,,,,,
t_travospublic_measure_5m.26308352.202505212115,88,,8110162,1,20250521,2115,7,0,0,0,0,0,0,1,2,0,0,0,0,0,3,202505212115,33.550342371512876,133.740176352243,,,,,,,,,,,,,,,,,
t_travospublic_measure_5m.26308353.202505212115,88,,8110163,1,20250521,2115,9,0,0,0,0,0,0,21,0,0,0,0,0,0,3,202505212115,33.55352220956595,133.721816021769,,,,,,,,,,,,,,,,,
t_travospublic_measure_5m.26308354.202505212115,88,,8110164,1,20250521,2115,1,0,0,0,0,0,0,0,0,0,0,0,0,0,3,202505212115,33.57127484589016,133.574287891387,,,,,,,,,,,,,,,,,
t_travospublic_measure_5m.26308355.202505212115,88,,8110165,1,20250521,2115,0,0,0,0,0,0,0,0,0,0,0,0,0,0,3,202505212115,33.56026408468244,133.633757829666,,,,,,,,,,,,,,,,,
t_travospublic_measure_5m.26308356.202505212115,88,,8110166,1,20250521,2115,0,0,0,0,0,0,0,0,0,0,0,0,0,0,3,202505212115,33.540965031795295,133.601005,,,,,,,,,,,,,,,,,
t_travospublic_measure_5m.26308357.202505212115,88,,8110167,1,20250521,2115,0,0,0,0,0,0,0,0,0,0,0,0,0,0,3,202505212115,33.5424317654246,133.583077945611,,,,,,,,,,,,,,,,,
t_travospublic_measure_5m.26308358.202505212115,88,,8110170,1,20250521,2115,5,0,0,0,0,0,0,7,0,0,0,0,0,0,3,202505212115,33.485055031714765,133.373125,,,,,,,,,,,,,,,,,
t_travospublic_measure_5m.26308359.202505212115,88,,8110171,1,20250521,2115,4,0,0,0,0,0,0,8,1,0,0,0,0,0,3,202505212115,33.40395558523113,133.288643360137,,,,,,,,,,,,,,,,,
t_travospublic_measure_5m.26308360.202505212115,88,,8110172,1,20250521,2115,3,0,0,0,0,0,0,7,1,0,0,0,0,0,3,202505212115,33.39236677628474,133.278601169586,,,,,,,,,,,,,,,,,
t_travospublic_measure_5m.26308361.202505212115,88,,8110174,1,20250521,2115,1,0,0,0,0,0,0,3,2,0,0,0,0,0,3,202505212115,33.18330330083646,133.144855499267,,,,,,,,,,,,,,,,,
t_travospublic_measure_5m.26308362.202505212115,88,,8110180,1,20250521,2115,1,0,0,0,0,0,0,2,0,0,0,0,0,0,3,202505212115,33.35817590038214,133.253152370452,,,,,,,,,,,,,,,,,
t_travospublic_measure_5m.26308363.202505212115,88,,8110181,1,20250521,2115,1,0,0,0,0,0,0,0,0,0,0,0,0,0,3,202505212115,32.974388919857596,132.933138888889,,,,,,,,,,,,,,,,,
t_travospublic_measure_5m.26308364.202505212115,88,,8110182,1,20250521,2115,0,0,0,0,0,0,0,0,0,0,0,0,0,0,3,202505212115,32.96811114207051,132.872277777778,,,,,,,,,,,,,,,,,
t_travospublic_measure_5m.26308365.202505212115,88,,8110183,1,20250521,2115,0,0,0,0,0,0,0,1,0,0,0,0,0,0,3,202505212115,32.95902780872377,132.776972222222,,,,,,,,,,,,,,,,,
t_travospublic_measure_5m.26308366.202505212115,88,,8110190,1,20250521,2115,4,3,0,0,0,0,0,6,0,0,0,0,0,0,3,202505212115,32.96996536793415,132.68920719623503,,,,,,,,,,,,,,,,,
t_travospublic_measure_5m.26308367.202505212115,88,,8110191,1,20250521,2115,7,1,0,0,0,0,0,1,0,0,0,0,0,0,3,202505212115,33.13903103121127,132.517477,,,,,,,,,,,,,,,,,
t_travospublic_measure_5m.26308368.202505212115,88,,8110192,1,20250521,2115,9,1,0,0,0,0,0,1,0,0,0,0,0,0,3,202505212115,33.14590213224344,132.52205863595,,,,,,,,,,,,,,,,,
t_travospublic_measure_5m.26308369.202505212115,88,,8110200,1,20250521,2115,4,0,0,0,0,0,0,3,0,0,0,0,0,0,3,202505212115,33.325562031483756,132.5285,,,,,,,,,,,,,,,,,
t_travospublic_measure_5m.26308370.202505212115,88,,8110210,1,20250521,2115,40,1,0,0,0,0,0,36,0,0,0,0,0,0,3,202505212115,33.81637909326473,132.744826823472,,,,,,,,,,,,,,,,,
t_travospublic_measure_5m.26308371.202505212115,88,,8110230,1,20250521,2115,23,0,0,0,0,0,0,28,0,0,0,0,0,0,3,202505212115,34.07022914227441,134.461130797863,,,,,,,,,,,,,,,,,
t_travospublic_measure_5m.26308372.202505212115,88,,8110231,1,20250521,2115,18,0,0,0,0,0,0,2,1,0,0,0,0,0,3,202505212115,34.03847794648641,134.520513564348,,,,,,,,,,,,,,,,,
t_travospublic_measure_5m.26308373.202505212115,88,,8110232,1,20250521,2115,19,0,0,0,0,0,0,5,1,0,0,0,0,0,3,202505212115,34.04120064204002,134.531005024909,,,,,,,,,,,,,,,,,
t_travospublic_measure_5m.26308374.202505212115,88,,8110240,1,20250521,2115,10,0,0,0,0,0,0,9,1,0,0,0,0,0,3,202505212115,34.03149633348104,132.829599380493,,,,,,,,,,,,,,,,,
t_travospublic_measure_5m.26308375.202505212115,88,,8110250,1,20250521,2115,12,1,0,0,0,0,0,16,2,0,0,0,0,0,3,202505212115,33.93004373774009,133.094837665557,,,,,,,,,,,,,,,,,
t_travospublic_measure_5m.26308376.202505212115,88,,8111021,1,20250521,2115,6,1,0,0,0,0,0,9,0,0,0,0,0,0,3,202505212115,33.50191403173908,133.309236,,,,,,,,,,,,,,,,,
t_travospublic_measure_5m.26308377.202505212115,88,,8160020,1,20250521,2115,1,0,0,0,0,0,0,8,0,0,0,0,0,0,1,202505212115,33.331092031491806,133.206098,,,,,,,,,,,,,,,,,
t_travospublic_measure_5m.26308378.202505212115,88,,8160030,1,20250521,2115,2,0,0,0,0,0,0,0,0,0,0,0,0,0,1,202505212115,33.23544203135242,133.159939,,,,,,,,,,,,,,,,,
t_travospublic_measure_5m.26308379.202505212115,88,,8160040,1,20250521,2115,9,0,0,0,0,0,0,9,0,0,0,0,0,0,1,202505212115,33.24742026280611,132.570131868124,,,,,,,,,,,,,,,,,
t_travospublic_measure_5m.26308380.202505212115,88,,8160050,1,20250521,2115,10,0,0,0,0,0,0,6,1,0,0,0,0,0,1,202505212115,33.33622666521378,132.557060122489,,,,,,,,,,,,,,,,,
t_travospublic_measure_5m.26308381.202505212115,88,,8160060,1,20250521,2115,7,1,0,0,0,0,0,6,0,0,0,0,0,0,1,202505212115,34.056139032526026,134.588624,,,,,,,,,,,,,,,,,
t_travospublic_measure_5m.26308382.202505212115,88,,8310010,1,20250521,2115,27,5,0,0,0,0,0,48,3,0,0,0,0,0,3,202505212115,34.152121047215225,134.579402804374,,,,,,,,,,,,,,,,,
t_travospublic_measure_5m.26308383.202505212115,88,,8310020,1,20250521,2115,20,2,0,0,0,0,0,17,1,0,0,0,0,0,3,202505212115,34.335875041773484,134.151295423507,,,,,,,,,,,,,,,,,
t_travospublic_measure_5m.26308384.202505212115,88,,8310030,1,20250521,2115,12,0,4,0,0,0,0,19,1,1,0,0,0,0,3,202505212115,33.79997204409725,132.86443054676,,,,,,,,,,,,,,,,,
t_travospublic_measure_5m.26308385.202505212115,88,,8310040,1,20250521,2115,16,2,0,0,0,0,0,60,0,0,0,0,0,0,3,202505212115,34.239532652899726,133.895906209945,,,,,,,,,,,,,,,,,
t_travospublic_measure_5m.26308386.202505212115,88,,8310050,1,20250521,2115,3,0,0,0,0,0,0,1,3,0,0,0,0,0,3,202505212115,33.797668032162,133.760304,,,,,,,,,,,,,,,,,
t_travospublic_measure_5m.26308387.202505212115,88,,8310060,1,20250521,2115,2,0,0,0,0,0,0,0,0,0,0,0,0,0,3,202505212115,33.54154672048833,133.042341470718,,,,,,,,,,,,,,,,,
t_travospublic_measure_5m.26308388.202505212115,88,,8310061,1,20250521,2115,27,1,0,0,0,0,0,26,2,0,0,0,0,0,3,202505212115,33.80675451706518,132.745272070169,,,,,,,,,,,,,,,,,
t_travospublic_measure_5m.26308389.202505212115,88,,8310062,1,20250521,2115,7,2,0,0,0,0,0,13,4,0,0,0,0,0,3,202505212115,33.814776032186245,132.720319,,,,,,,,,,,,,,,,,
t_travospublic_measure_5m.26308390.202505212115,88,,8310070,1,20250521,2115,21,2,0,0,0,0,0,49,0,0,0,0,0,0,3,202505212115,34.0102656781917,134.566428959369,,,,,,,,,,,,,,,,,
t_travospublic_measure_5m.26308391.202505212115,88,,8310080,1,20250521,2115,23,1,0,0,0,0,0,30,3,0,0,0,0,0,3,202505212115,33.9732071371816,134.633932113647,,,,,,,,,,,,,,,,,
t_travospublic_measure_5m.26308392.202505212115,88,,8310090,1,20250521,2115,0,0,0,0,0,0,0,0,0,0,0,0,0,0,3,202505212115,33.16601659984814,133.133375644683,,,,,,,,,,,,,,,,,
t_travospublic_measure_5m.26308393.202505212115,88,,8310110,1,20250521,2115,12,0,0,0,0,0,0,7,1,0,0,0,0,0,3,202505212115,33.4066250316014,132.509843,,,,,,,,,,,,,,,,,
t_travospublic_measure_5m.26308394.202505212115,88,,8310120,1,20250521,2115,0,0,0,0,0,0,0,0,0,0,0,0,0,0,3,202505212115,33.504510031742804,132.56675,,,,,,,,,,,,,,,,,
t_travospublic_measure_5m.26308395.202505212115,88,,8310130,1,20250521,2115,10,0,0,0,0,0,0,14,0,0,0,0,0,0,3,202505212115,33.53462955300938,132.597781419754,,,,,,,,,,,,,,,,,
t_travospublic_measure_5m.26308396.202505212115,88,,8310140,1,20250521,2115,7,0,0,0,0,0,0,0,1,0,0,0,0,0,3,202505212115,33.6125750318981,132.68712,,,,,,,,,,,,,,,,,
t_travospublic_measure_5m.26308397.202505212115,88,,8310150,1,20250521,2115,4,2,0,0,0,0,0,5,5,0,0,0,0,0,3,202505212115,34.0401782523243,134.018440246582,,,,,,,,,,,,,,,,,
t_travospublic_measure_5m.26308398.202505212115,88,,8310160,1,20250521,2115,23,1,0,0,0,0,0,12,1,0,0,0,0,0,3,202505212115,33.89056122326423,132.757075130939,,,,,,,,,,,,,,,,,
t_travospublic_measure_5m.26308399.202505212115,89,,9110010,1,20250521,2115,31,1,0,0,0,0,0,22,0,0,0,0,0,0,3,202505212115,33.86399103225591,130.750068,,,,,,,,,,,,,,,,,
t_travospublic_measure_5m.26308400.202505212115,89,,9110040,1,20250521,2115,9,2,0,0,0,0,0,24,3,0,0,0,0,0,3,202505212115,32.565580030358504,130.688167,,,,,,,,,,,,,,,,,
t_travospublic_measure_5m.26308401.202505212115,89,,9110050,1,20250521,2115,17,0,0,0,0,0,0,19,0,0,0,0,0,0,3,202505212115,32.50104503026118,130.627862,,,,,,,,,,,,,,,,,
t_travospublic_measure_5m.26308402.202505212115,89,,9110060,1,20250521,2115,10,2,0,0,0,0,0,3,0,0,0,0,0,0,3,202505212115,31.848210029262603,130.249002,,,,,,,,,,,,,,,,,
t_travospublic_measure_5m.26308403.202505212115,89,,9110070,1,20250521,2115,11,0,0,0,0,0,0,11,0,0,0,0,0,0,3,202505212115,31.65408502896101,130.444438,,,,,,,,,,,,,,,,,
t_travospublic_measure_5m.26308404.202505212115,89,,9110090,1,20250521,2115,10,4,0,0,0,0,0,9,3,0,0,0,0,0,3,202505212115,33.56354563182774,131.1769035,,,,,,,,,,,,,,,,,
t_travospublic_measure_5m.26308405.202505212115,89,,9110110,1,20250521,2115,74,5,0,0,0,0,0,51,4,1,0,0,0,0,3,202505212115,33.248593781371625,131.5788746,,,,,,,,,,,,,,,,,
t_travospublic_measure_5m.26308406.202505212115,89,,9110120,1,20250521,2115,0,0,0,0,0,0,0,0,0,0,0,0,0,0,3,202505212115,32.83826903076675,131.716873,,,,,,,,,,,,,,,,,
t_travospublic_measure_5m.26308407.202505212115,89,,9110140,1,20250521,2115,10,0,0,0,0,0,0,9,3,0,0,0,0,0,3,202505212115,32.26510002990319,131.560352,,,,,,,,,,,,,,,,,
t_travospublic_measure_5m.26308408.202505212115,89,,9110150,1,20250521,2115,4,0,0,0,0,0,0,6,2,0,0,0,0,0,3,202505212115,31.853840029271314,131.136144,,,,,,,,,,,,,,,,,
t_travospublic_measure_5m.26308409.202505212115,89,,9110160,1,20250521,2115,0,0,37,0,0,1,1,5,3,0,0,0,0,1,3,202505212115,31.710555029048958,130.774553,,,,,,,,,,,,,,,,,
t_travospublic_measure_5m.26308410.202505212115,89,,9110180,1,20250521,2115,36,1,0,0,0,0,0,8,0,0,0,0,0,0,3,202505212115,31.647696028951053,130.604758,,,,,,,,,,,,,,,,,
t_travospublic_measure_5m.26308411.202505212115,89,,9110190,1,20250521,2115,22,3,0,0,0,0,0,15,3,0,0,0,0,0,3,202505212115,33.3577350315305,130.488663,,,,,,,,,,,,,,,,,
t_travospublic_measure_5m.26308412.202505212115,89,,9110200,1,20250521,2115,11,1,0,0,0,0,0,16,1,0,0,0,0,0,3,202505212115,33.19609887129489,130.0312792,,,,,,,,,,,,,,,,,
t_travospublic_measure_5m.26308413.202505212115,89,,9110210,1,20250521,2115,,,,0,0,0,1,,,,0,0,0,1,3,202505212115,32.82226403074293,129.973018,,,,,,,,,,,,,,,,,
t_travospublic_measure_5m.26308414.202505212115,89,,9110230,1,20250521,2115,3,1,0,0,0,0,0,1,5,0,0,0,0,0,3,202505212115,32.95195803093551,131.35466,,,,,,,,,,,,,,,,,
t_travospublic_measure_5m.26308415.202505212115,89,,9110240,1,20250521,2115,11,4,0,0,0,0,0,17,3,0,0,0,0,0,3,202505212115,33.669370031979355,130.847832,,,,,,,,,,,,,,,,,
t_travospublic_measure_5m.26308416.202505212115,89,,9110280,1,20250521,2115,10,0,0,0,0,0,0,6,1,0,0,0,0,0,3,202505212115,33.34785503151616,130.0187991,,,,,,,,,,,,,,,,,
t_travospublic_measure_5m.26308417.202505212115,89,,9110290,1,20250521,2115,16,1,0,0,0,0,0,18,0,0,0,0,0,0,3,202505212115,32.97125925096407,130.445357,,,,,,,,,,,,,,,,,
t_travospublic_measure_5m.26308418.202505212115,89,,9110330,1,20250521,2115,5,1,0,0,0,0,0,10,0,0,0,0,0,0,3,202505212115,31.397327868559113,130.7858165,,,,,,,,,,,,,,,,,
t_travospublic_measure_5m.26308419.202505212115,89,,9110340,1,20250521,2115,11,0,0,0,0,0,0,6,0,0,0,0,0,0,3,202505212115,31.452851608646302,130.7281932,,,,,,,,,,,,,,,,,
t_travospublic_measure_5m.26308420.202505212115,89,,9210010,1,20250521,2115,47,4,0,0,0,0,0,36,4,0,0,0,0,0,3,202505212115,33.592535911869355,130.4326835,,,,,,,,,,,,,,,,,
t_travospublic_measure_5m.26308421.202505212115,89,,9310003,1,20250521,2115,23,2,0,0,0,0,0,13,3,0,0,0,0,0,3,202505212115,33.947867982374184,130.968647,,,,,,,,,,,,,,,,,
t_travospublic_measure_5m.26308422.202505212115,89,,9310005,1,20250521,2115,115,5,0,0,0,0,0,102,8,0,0,0,0,0,3,202505212115,33.678664031992625,130.455156,,,,,,,,,,,,,,,,,
t_travospublic_measure_5m.26308423.202505212115,89,,9310010,1,20250521,2115,37,8,0,0,0,0,0,56,4,0,0,0,0,0,3,202505212115,33.53840303179162,130.485852,,,,,,,,,,,,,,,,,
t_travospublic_measure_5m.26308424.202505212115,89,,9310015,1,20250521,2115,37,10,0,0,0,0,0,41,11,0,0,0,0,0,3,202505212115,33.44660203165923,130.540337,,,,,,,,,,,,,,,,,
t_travospublic_measure_5m.26308425.202505212115,89,,9310017,1,20250521,2115,11,1,0,0,0,0,0,27,4,0,0,0,0,0,3,202505212115,33.323489031480754,130.523608,,,,,,,,,,,,,,,,,
t_travospublic_measure_5m.26308426.202505212115,89,,9310020,1,20250521,2115,2,1,0,0,0,0,0,0,3,0,0,0,0,0,3,202505212115,33.11458003117534,130.669176,,,,,,,,,,,,,,,,,
t_travospublic_measure_5m.26308427.202505212115,89,,9310035,1,20250521,2115,11,2,0,0,0,0,0,3,1,0,0,0,0,0,3,202505212115,32.406040030117445,130.555735,,,,,,,,,,,,,,,,,
t_travospublic_measure_5m.26308428.202505212115,89,,9310045,1,20250521,2115,9,1,0,0,0,0,0,6,3,0,0,0,0,0,3,202505212115,32.16215502974594,130.36789,,,,,,,,,,,,,,,,,
t_travospublic_measure_5m.26308429.202505212115,89,,9310050,1,20250521,2115,0,0,0,0,1,1,1,9,0,0,0,1,0,1,3,202505212115,31.714213029054637,130.275752,,,,,,,,,,,,,,,,,
t_travospublic_measure_5m.26308430.202505212115,89,,9310060,1,20250521,2115,,,,0,0,0,1,,,,0,0,0,1,3,202505212115,32.38562876008649,130.5414069,,,,,,,,,,,,,,,,,
t_travospublic_measure_5m.26308431.202505212115,89,,9310070,1,20250521,2115,6,1,0,0,0,0,0,9,2,0,0,0,0,0,3,202505212115,31.702321029036145,130.297006,,,,,,,,,,,,,,,,,
t_travospublic_measure_5m.26308432.202505212115,89,,9310080,1,20250521,2115,28,2,0,0,0,0,0,29,2,0,0,0,0,0,3,202505212115,33.80588903217365,130.960473,,,,,,,,,,,,,,,,,
t_travospublic_measure_5m.26308433.202505212115,89,,9310085,1,20250521,2115,10,1,0,0,0,0,0,12,2,0,0,0,0,0,3,202505212115,33.54594303180245,131.283198,,,,,,,,,,,,,,,,,
t_travospublic_measure_5m.26308434.202505212115,89,,9310090,1,20250521,2115,17,2,0,0,0,0,0,12,2,0,0,0,0,0,3,202505212115,33.38094503156419,131.540397,,,,,,,,,,,,,,,,,
t_travospublic_measure_5m.26308435.202505212115,89,,9310100,1,20250521,2115,18,0,0,0,0,0,0,28,1,0,0,0,0,0,3,202505212115,33.15920703124086,131.651922,,,,,,,,,,,,,,,,,
t_travospublic_measure_5m.26308436.202505212115,89,,9310115,1,20250521,2115,16,1,0,0,0,0,0,9,2,0,0,0,0,0,3,202505212115,31.726570029073855,131.023972,,,,,,,,,,,,,,,,,
t_travospublic_measure_5m.26308437.202505212115,89,,9310120,1,20250521,2115,32,0,0,0,0,0,0,13,13,0,0,0,0,0,3,202505212115,31.705779029041526,130.613215,,,,,,,,,,,,,,,,,
t_travospublic_measure_5m.26308438.202505212115,89,,9310125,1,20250521,2115,19,4,0,0,0,0,0,22,0,0,0,0,0,0,3,202505212115,33.21761616132637,130.1637701,,,,,,,,,,,,,,,,,
t_travospublic_measure_5m.26308439.202505212115,89,,9310127,1,20250521,2115,8,2,0,0,0,0,0,8,1,0,0,0,0,0,3,202505212115,32.91326503087817,130.976239,,,,,,,,,,,,,,,,,
t_travospublic_measure_5m.26308440.202505212115,89,,9310130,1,20250521,2115,45,2,0,0,0,0,0,17,2,0,0,0,0,0,3,202505212115,32.8754950308221,130.867355,,,,,,,,,,,,,,,,,
t_travospublic_measure_5m.26308441.202505212115,89,,9310140,1,20250521,2115,40,3,0,0,0,0,0,61,3,0,0,0,0,0,3,202505212115,32.820198990739854,130.7572925,,,,,,,,,,,,,,,,,
t_travospublic_measure_5m.26308442.202505212115,89,,9310150,1,20250521,2115,10,2,0,0,0,0,0,6,4,0,0,0,0,0,3,202505212115,32.6779330305273,130.55327,,,,,,,,,,,,,,,,,
t_travospublic_measure_5m.26308443.202505212115,89,,9310155,1,20250521,2115,9,0,0,0,0,0,0,14,0,0,0,0,0,0,3,202505212115,32.76467203065704,130.370667,,,,,,,,,,,,,,,,,
t_travospublic_measure_5m.26308444.202505212115,89,,9310156,1,20250521,2115,11,0,0,0,0,0,0,2,0,0,0,0,0,0,3,202505212115,32.78536503068792,130.199594,,,,,,,,,,,,,,,,,
t_travospublic_measure_5m.26308445.202505212115,89,,9310157,1,20250521,2115,5,1,0,0,0,0,0,12,0,0,0,0,0,0,3,202505212115,33.06696517110531,131.6229634,,,,,,,,,,,,,,,,,
t_travospublic_measure_5m.26308446.202505212115,89,,9310159,1,20250521,2115,6,3,0,0,0,0,0,5,1,0,0,0,0,0,3,202505212115,32.997429031002746,131.434075,,,,,,,,,,,,,,,,,
t_travospublic_measure_5m.26308447.202505212115,89,,9310174,1,20250521,2115,23,13,0,0,0,0,0,42,6,0,0,0,0,0,3,202505212115,33.6275850319196,130.703907,,,,,,,,,,,,,,,,,
t_travospublic_measure_5m.26308448.202505212115,89,,9310180,1,20250521,2115,28,1,0,0,0,0,0,59,0,0,0,0,0,0,3,202505212115,33.57279403184104,130.285973,,,,,,,,,,,,,,,,,
t_travospublic_measure_5m.26308449.202505212115,89,,9310181,1,20250521,2115,12,1,0,0,0,0,0,17,0,0,0,0,0,0,3,202505212115,33.230906841345785,130.3350523,,,,,,,,,,,,,,,,,
t_travospublic_measure_5m.26308450.202505212115,89,,9310183,1,20250521,2115,26,3,0,0,0,0,0,18,0,0,0,0,0,0,3,202505212115,32.9483090309301,130.502942,,,,,,,,,,,,,,,,,
t_travospublic_measure_5m.26308451.202505212115,89,,9310184,1,20250521,2115,20,1,0,0,0,0,0,17,0,0,0,0,0,0,3,202505212115,32.918079150885305,130.6264597,,,,,,,,,,,,,,,,,
t_travospublic_measure_5m.26308452.202505212115,89,,9310185,1,20250521,2115,2,0,0,0,0,0,0,3,1,0,0,0,0,0,3,202505212115,33.37000946154832,129.9447181,,,,,,,,,,,,,,,,,
t_travospublic_measure_5m.26308453.202505212115,89,,9310186,1,20250521,2115,3,0,21,0,0,0,0,0,0,3,0,0,0,0,3,202505212115,33.55795203181972,130.456481,,,,,,,,,,,,,,,,,
t_travospublic_measure_5m.26308454.202505212115,89,,9310187,1,20250521,2115,13,1,0,0,0,0,0,36,2,0,0,0,0,0,3,202505212115,33.504396031742644,130.111167,,,,,,,,,,,,,,,,,
t_travospublic_measure_5m.26308455.202505212115,89,,9310188,1,20250521,2115,18,0,0,0,0,0,0,17,1,0,0,0,0,0,3,202505212115,33.3383090315023,130.64702,,,,,,,,,,,,,,,,,
t_travospublic_measure_5m.26308456.202505212115,89,,9310189,1,20250521,2115,,,,0,0,0,1,,,,0,0,0,1,3,202505212115,33.06535003110294,129.833592,,,,,,,,,,,,,,,,,
t_travospublic_measure_5m.26308457.202505212115,89,,9310191,1,20250521,2115,19,2,0,0,0,0,0,17,0,0,0,0,0,0,3,202505212115,33.18514003127884,130.387366,,,,,,,,,,,,,,,,,
t_travospublic_measure_5m.26308458.202505212115,89,,9310192,1,20250521,2115,13,2,0,0,0,0,0,5,3,0,0,0,0,0,3,202505212115,33.20214803130375,130.361827,,,,,,,,,,,,,,,,,
t_travospublic_measure_5m.26308459.202505212115,89,,9310193,1,20250521,2115,4,10,0,0,0,0,0,9,2,0,0,0,0,0,3,202505212115,33.20855403131311,130.343385,,,,,,,,,,,,,,,,,
t_travospublic_measure_5m.26308460.202505212115,89,,9310195,1,20250521,2115,12,3,0,0,0,0,0,8,0,0,0,0,0,0,3,202505212115,33.32086003147692,130.863524,,,,,,,,,,,,,,,,,
t_travospublic_measure_5m.26308461.202505212115,89,,9310200,1,20250521,2115,4,0,0,0,0,0,0,0,0,0,0,0,0,0,3,202505212115,33.250128031373855,131.295812,,,,,,,,,,,,,,,,,
t_travospublic_measure_5m.26308462.202505212115,89,,9310205,1,20250521,2115,15,3,0,0,0,0,0,9,3,0,0,0,0,0,3,202505212115,33.19671903129579,131.498216,,,,,,,,,,,,,,,,,
t_travospublic_measure_5m.26308463.202505212115,89,,9310210,1,20250521,2115,4,0,0,0,0,0,0,14,0,0,0,0,0,0,3,202505212115,31.816050029212782,131.442962,,,,,,,,,,,,,,,,,
t_travospublic_measure_5m.26308464.202505212115,89,,9310217,1,20250521,2115,1,1,0,0,0,0,0,7,0,0,0,0,0,0,3,202505212115,31.417765998591218,130.99969040000002,,,,,,,,,,,,,,,,,
t_travospublic_measure_5m.26308465.202505212115,89,,9310218,1,20250521,2115,10,0,0,0,0,0,0,6,0,0,0,0,0,0,3,202505212115,31.377286028527593,130.545285,,,,,,,,,,,,,,,,,
t_travospublic_measure_5m.26308466.202505212115,89,,9310219,1,20250521,2115,1,0,0,0,0,0,0,3,0,0,0,0,0,0,3,202505212115,31.56571802882308,130.617867,,,,,,,,,,,,,,,,,
t_travospublic_measure_5m.26308467.202505212115,89,,9310220,1,20250521,2115,8,0,0,0,0,0,0,14,1,0,0,0,0,0,3,202505212115,33.43104381163675,130.0480662,,,,,,,,,,,,,,,,,
t_travospublic_measure_5m.26308468.202505212115,89,,9310470,1,20250521,2115,0,0,0,0,0,0,0,0,0,0,0,0,0,0,3,202505212115,32.24423502987137,130.476053,,,,,,,,,,,,,,,,,
t_travospublic_measure_5m.26308469.202505212115,89,,9310480,1,20250521,2115,0,0,0,0,0,0,0,0,0,0,0,0,0,0,3,202505212115,32.21685802982958,130.428031,,,,,,,,,,,,,,,,,
t_travospublic_measure_5m.26308470.202505212115,89,,9310520,1,20250521,2115,9,0,0,0,0,0,0,7,0,0,0,0,0,0,3,202505212115,32.102630029654726,130.326106,,,,,,,,,,,,,,,,,
t_travospublic_measure_5m.26308471.202505212115,89,,9310550,1,20250521,2115,6,2,0,0,0,0,0,1,1,0,0,0,0,0,3,202505212115,32.056642029584104,130.22874,,,,,,,,,,,,,,,,,
t_travospublic_measure_5m.26308472.202505212115,89,,9310600,1,20250521,2115,0,0,0,0,0,1,1,0,2,0,0,0,0,1,3,202505212115,31.84607502925929,130.257831,,,,,,,,,,,,,,,,,
t_travospublic_measure_5m.26308473.202505212115,89,,9310610,1,20250521,2115,6,0,0,0,0,0,1,0,0,0,0,0,1,1,3,202505212115,31.804655029195118,130.283522,,,,,,,,,,,,,,,,,
t_travospublic_measure_5m.26308474.202505212115,89,,9310620,1,20250521,2115,16,0,0,0,0,0,0,6,0,0,0,0,0,0,3,202505212115,31.759537029125095,130.304217,,,,,,,,,,,,,,,,,
t_travospublic_measure_5m.26308475.202505212115,89,,9310627,1,20250521,2115,3,1,0,0,0,0,0,4,1,0,0,0,0,0,3,202505212115,33.46078103167972,130.044889,,,,,,,,,,,,,,,,,
t_travospublic_measure_5m.26308476.202505212115,89,,9310630,1,20250521,2115,4,1,0,0,0,0,0,15,2,0,0,0,0,0,3,202505212115,33.414414111612686,129.9958886,,,,,,,,,,,,,,,,,
t_travospublic_measure_5m.26308477.202505212115,89,,9310650,1,20250521,2115,5,0,0,0,0,0,0,5,1,0,0,0,0,0,3,202505212115,33.37966119156232,129.933567,,,,,,,,,,,,,,,,,
t_travospublic_measure_5m.26308478.202505212115,89,,9310660,1,20250521,2115,9,0,0,0,0,0,0,2,1,0,0,0,0,0,3,202505212115,33.30074103144764,129.915058,,,,,,,,,,,,,,,,,
t_travospublic_measure_5m.26308479.202505212115,89,,9310710,1,20250521,2115,4,0,0,0,0,0,0,7,1,0,0,0,0,0,3,202505212115,33.323471851480726,129.8060041,,,,,,,,,,,,,,,,,
t_travospublic_measure_5m.26308480.202505212115,89,,9310720,1,20250521,2115,,,,0,0,0,1,,,,0,0,0,1,3,202505212115,33.355059031526615,129.743971,,,,,,,,,,,,,,,,,
t_travospublic_measure_5m.26308481.202505212115,89,,9310730,1,20250521,2115,5,0,0,0,0,0,0,8,0,0,0,0,0,0,3,202505212115,33.34824903151674,129.729277,,,,,,,,,,,,,,,,,
t_travospublic_measure_5m.26308482.202505212115,89,,9360270,1,20250521,2115,0,2,0,0,0,0,0,3,1,0,0,0,0,0,1,202505212115,32.93848103091554,131.866353,,,,,,,,,,,,,,,,,
t_travospublic_measure_5m.26308483.202505212115,89,,9360280,1,20250521,2115,2,1,0,0,0,0,0,2,0,0,0,0,0,0,1,202505212115,32.895717030852126,131.864089,,,,,,,,,,,,,,,,,
t_travospublic_measure_5m.26308484.202505212115,89,,9360290,1,20250521,2115,4,0,0,0,0,0,0,0,1,0,0,0,0,0,1,202505212115,32.80165203071222,131.87728,,,,,,,,,,,,,,,,,
t_travospublic_measure_5m.26308485.202505212115,89,,9360300,1,20250521,2115,1,0,0,0,0,0,0,1,1,0,0,0,0,0,1,202505212115,32.72780503060196,131.827089,,,,,,,,,,,,,,,,,
t_travospublic_measure_5m.26308486.202505212115,89,,9360310,1,20250521,2115,4,0,0,0,0,0,0,0,1,0,0,0,0,0,1,202505212115,32.708018030572354,131.811346,,,,,,,,,,,,,,,,,
t_travospublic_measure_5m.26308487.202505212115,89,,9360320,1,20250521,2115,6,2,0,0,0,0,0,1,6,0,0,0,0,0,1,202505212115,32.66071403050147,131.702707,,,,,,,,,,,,,,,,,
t_travospublic_measure_5m.26308488.202505212115,89,,9360330,1,20250521,2115,1,2,0,0,0,0,0,1,5,0,0,0,0,0,3,202505212115,32.67533903052341,131.725922,,,,,,,,,,,,,,,,,
t_travospublic_measure_5m.26308489.202505212115,89,,9360340,1,20250521,2115,5,1,0,0,0,0,0,5,2,0,0,0,0,0,3,202505212115,32.544601030326895,131.648426,,,,,,,,,,,,,,,,,
t_travospublic_measure_5m.26308490.202505212115,89,,9360350,1,20250521,2115,0,0,0,0,0,0,0,0,0,0,0,0,0,0,1,202505212115,31.69283102902137,131.379337,,,,,,,,,,,,,,,,,
t_travospublic_measure_5m.26308491.202505212115,89,,9360360,1,20250521,2115,0,0,0,0,0,0,0,0,0,0,0,0,0,0,1,202505212115,31.626655028918243,131.387644,,,,,,,,,,,,,,,,,
t_travospublic_measure_5m.26308492.202505212115,89,,9360380,1,20250521,2115,2,0,0,0,0,0,0,2,0,0,0,0,0,0,1,202505212115,31.48338302869418,131.081995,,,,,,,,,,,,,,,,,
t_travospublic_measure_5m.26308493.202505212115,89,,9360385,1,20250521,2115,1,0,0,0,0,0,0,1,0,0,0,0,0,0,1,202505212115,31.46605602866702,131.053459,,,,,,,,,,,,,,,,,
t_travospublic_measure_5m.26308494.202505212115,89,,9360390,1,20250521,2115,1,0,0,0,0,0,0,3,0,0,0,0,0,0,1,202505212115,31.445310028634466,130.99415,,,,,,,,,,,,,,,,,
t_travospublic_measure_5m.26308495.202505212115,89,,9360400,1,20250521,2115,1,0,0,0,0,0,0,0,0,0,0,0,0,0,1,202505212115,31.466282028667365,130.90009,,,,,,,,,,,,,,,,,
t_travospublic_measure_5m.26308496.202505212115,89,,9360410,1,20250521,2115,1,0,0,0,0,0,0,0,0,0,0,0,0,0,1,202505212115,31.521020028753135,130.93081,,,,,,,,,,,,,,,,,
t_travospublic_measure_5m.26308497.202505212115,89,,9360420,1,20250521,2115,0,0,0,0,0,0,0,1,0,0,0,0,0,0,1,202505212115,31.615248748900434,130.9538662,,,,,,,,,,,,,,,,,
t_travospublic_measure_5m.26308498.202505212115,89,,9360430,1,20250521,2115,8,1,0,0,0,0,0,2,0,0,0,0,0,0,1,202505212115,32.749633030634584,130.866625,,,,,,,,,,,,,,,,,
t_travospublic_measure_5m.26308499.202505212115,89,,9360440,1,20250521,2115,3,0,0,0,0,0,0,3,0,0,0,0,0,0,1,202505212115,32.741409030622286,130.89194,,,,,,,,,,,,,,,,,
t_travospublic_measure_5m.26308500.202505212115,89,,9360443,1,20250521,2115,5,1,0,0,0,0,0,2,0,0,0,0,0,0,1,202505212115,32.73097603060669,130.938429,,,,,,,,,,,,,,,,,
t_travospublic_measure_5m.26308501.202505212115,89,,9360465,1,20250521,2115,3,0,0,0,0,0,0,4,1,0,0,0,0,0,3,202505212115,32.69277003054952,131.345815,,,,,,,,,,,,,,,,,
t_travospublic_measure_5m.26308502.202505212115,89,,9360467,1,20250521,2115,3,0,0,0,0,0,0,4,0,0,0,0,0,0,3,202505212115,32.67691003052576,131.36226,,,,,,,,,,,,,,,,,
t_travospublic_measure_5m.26308503.202505212115,89,,9360470,1,20250521,2115,4,0,0,0,0,0,0,5,0,0,0,0,0,0,3,202505212115,32.587591030391636,131.509484,,,,,,,,,,,,,,,,,
t_travospublic_measure_5m.26308504.202505212115,90,,10110010,1,20250521,2115,19,0,0,0,0,0,0,19,0,0,0,0,0,0,3,202505212115,26.525846020561954,127.924665,,,,,,,,,,,,,,,,,
t_travospublic_measure_5m.26308505.202505212115,90,,10110030,1,20250521,2115,91,0,0,0,0,0,0,85,2,0,0,0,0,0,3,202505212115,26.27496950463181,127.741287946701,,,,,,,,,,,,,,,,,
t_travospublic_measure_5m.26308506.202505212115,90,,10110031,1,20250521,2115,61,2,0,0,0,0,0,40,1,0,0,0,0,0,3,202505212115,26.276840644070308,127.73121356964101,,,,,,,,,,,,,,,,,
t_travospublic_measure_5m.26308507.202505212115,90,,10110040,1,20250521,2115,16,0,0,0,0,0,0,18,0,0,0,0,0,0,3,202505212115,26.47501802047749,127.955092,,,,,,,,,,,,,,,,,
t_travospublic_measure_5m.26308508.202505212115,90,,10110060,1,20250521,2115,41,1,0,0,0,0,0,28,4,0,0,0,0,0,3,202505212115,26.28023651673024,127.81364321708601,,,,,,,,,,,,,,,,,
t_travospublic_measure_5m.26308509.202505212115,90,,10110070,1,20250521,2115,22,1,0,0,0,0,0,60,3,0,0,0,0,0,3,202505212115,26.200277295979053,127.66189455985999,,,,,,,,,,,,,,,,,
t_travospublic_measure_5m.26308510.202505212115,90,,10110090,1,20250521,2115,39,2,0,0,0,0,0,39,1,0,0,0,0,0,3,202505212115,26.1754430532393,127.706499695777,,,,,,,,,,,,,,,,,
t_travospublic_measure_5m_img.25623888.202505212115,81,02,1810010,1,20250521,2115,1,5,,,,,,0,2,,,,,,3,202505212115,41.996809040234545,140.63609,,,6,0,2,0,0,0,0,0,0,0,0,0,0,0,blue
t_travospublic_measure_5m_img.25623889.202505212115,81,02,1810020,1,20250521,2115,,,,,,,,,,,,,,,3,202505212115,42.079752040271956,140.596961,,,,,,,1,0,0,0,0,0,0,0,0,0,blue
t_travospublic_measure_5m_img.25623890.202505212115,81,02,1810030,1,20250521,2115,,,,,,,,,,,,,,,3,202505212115,42.18194404031664,140.438889,,,,,,,1,0,0,0,0,0,0,0,0,0,blue
t_travospublic_measure_5m_img.25623891.202505212115,81,02,1810040,1,20250521,2115,,,,,,,,,,,,,,,3,202505212115,42.21583304033111,140.385,,,,,,,1,0,0,0,0,0,0,0,0,0,blue
t_travospublic_measure_5m_img.25623892.202505212115,81,02,1810050,1,20250521,2115,,,,,,,,,,,,,,,3,202505212115,42.29972204036625,140.271667,,,,,,,1,0,0,0,0,0,0,0,0,0,blue
t_travospublic_measure_5m_img.25623893.202505212115,81,03,1810060,1,20250521,2115,,,,,,,,,,,,,,,3,202505212115,42.70250004052043,140.42222,,,,,,,1,,,,,,,,,,blue
t_travospublic_measure_5m_img.25623894.202505212115,81,03,1810070,1,20250521,2115,,,,,,,,,,,,,,,3,202505212115,42.805277040555936,140.52666,,,,,,,1,,,,,,,,,,blue
t_travospublic_measure_5m_img.25623895.202505212115,81,03,1810080,1,20250521,2115,0,0,,,,,,1,0,,,,,,3,202505212115,42.79952604055398,140.700552,,,0,0,1,0,0,0,0,0,0,0,0,0,0,0,blue
t_travospublic_measure_5m_img.25623896.202505212115,81,03,1810100,1,20250521,2115,,,,,,,,,,,,,,,3,202505212115,43.037777040630445,140.678611,,,,,,,1,,,,,,,,,,blue
t_travospublic_measure_5m_img.25623897.202505212115,81,03,1810110,1,20250521,2115,8,0,,,,,,9,1,,,,,,3,202505212115,43.20720804067966,140.975798,,,8,0,10,0,0,0,0,0,0,0,0,0,0,0,blue
t_travospublic_measure_5m_img.25623898.202505212115,81,03,1810120,1,20250521,2115,27,0,,,,,,28,2,,,,,,3,202505212115,43.177556040671355,141.041001,,,27,0,30,0,0,0,0,0,0,0,0,0,0,0,blue
t_travospublic_measure_5m_img.25623899.202505212115,81,02,1810130,1,20250521,2115,10,1,,,,,,1,0,,,,,,3,202505212115,41.881664040180986,140.72083,,,11,0,1,0,0,0,0,0,0,0,0,0,0,0,blue
t_travospublic_measure_5m_img.25623900.202505212115,81,02,1810140,1,20250521,2115,2,0,,,,,,2,1,,,,,,3,202505212115,41.922053040199984,140.673037,,,2,0,3,0,0,0,0,0,0,0,0,0,0,0,blue
t_travospublic_measure_5m_img.25623901.202505212115,81,01,1810160,1,20250521,2115,,,,,,,,,,,,,,,3,202505212115,43.575214040771755,141.936064,,,,,,,1,0,0,0,0,0,0,0,0,0,blue
t_travospublic_measure_5m_img.25623902.202505212115,81,04,1810180,1,20250521,2115,,,,,,,,,,,,,,,3,202505212115,43.75527804080939,142.273889,,,,,,,1,,,,,,,,,,blue
t_travospublic_measure_5m_img.25623903.202505212115,81,01,1810200,1,20250521,2115,34,0,,,,,,0,1,,,,,,3,202505212115,42.92800104059627,141.532244,,,34,0,1,0,0,0,0,0,0,0,0,0,0,0,blue
t_travospublic_measure_5m_img.25623904.202505212115,81,01,1810210,1,20250521,2115,17,1,,,,,,6,1,,,,,,3,202505212115,42.86212604057491,141.599922,,,18,0,7,0,0,0,0,0,0,0,0,0,0,0,blue
t_travospublic_measure_5m_img.25623905.202505212115,81,05,1810220,1,20250521,2115,27,7,,,,,,9,2,,,,,,3,202505212115,42.736385040532305,141.709144,,,34,0,11,0,0,0,0,0,0,0,0,0,0,0,blue
t_travospublic_measure_5m_img.25623906.202505212115,81,05,1810240,1,20250521,2115,3,0,,,,,,10,1,,,,,,3,202505212115,42.44474904042452,141.159993,,,3,0,11,0,0,0,0,0,0,0,0,0,0,0,blue
t_travospublic_measure_5m_img.25623907.202505212115,81,05,1810250,1,20250521,2115,21,1,,,,,,6,1,,,,,,3,202505212115,42.32896604037825,140.996368,,,22,0,7,0,0,0,0,0,0,0,0,0,0,0,blue
t_travospublic_measure_5m_img.25623908.202505212115,81,02,1810260,1,20250521,2115,,,,,,,,,,,,,,,3,202505212115,42.59861104048294,140.461667,,,,,,,1,0,0,0,0,0,0,0,0,0,blue
t_travospublic_measure_5m_img.25623909.202505212115,81,05,1810270,1,20250521,2115,2,3,,,,,,2,2,,,,,,3,202505212115,42.59319704048096,140.520753,,,5,0,4,0,0,0,0,0,0,0,0,0,0,0,blue
t_travospublic_measure_5m_img.25623910.202505212115,81,05,1810280,1,20250521,2115,,,,,,,,,,,,,,,3,202505212115,42.59372804048115,140.535945,,,,,,,1,0,0,0,0,0,0,0,0,0,blue
t_travospublic_measure_5m_img.25623911.202505212115,81,05,1810290,1,20250521,2115,7,2,,,,,,3,1,,,,,,3,202505212115,42.56267604046962,140.742626,,,9,0,4,0,0,0,0,0,0,0,0,0,0,0,blue
t_travospublic_measure_5m_img.25623912.202505212115,81,01,1810310,1,20250521,2115,,,,,,,,,,,,,,,3,202505212115,43.57408404077149,141.983838,,,,,,,1,,,,,,,,,,blue
t_travospublic_measure_5m_img.25623913.202505212115,81,01,1810320,1,20250521,2115,,,,,,,,,,,,,,,3,202505212115,43.47080004074768,142.266721,,,,,,,1,,,,,,,,,,blue
t_travospublic_measure_5m_img.25623914.202505212115,81,04,1810330,1,20250521,2115,0,0,,,,,,1,0,,,,,,3,202505212115,43.39305604072871,142.348056,,,0,0,1,0,0,0,0,0,0,0,0,0,0,0,blue
t_travospublic_measure_5m_img.25623915.202505212115,81,04,1810340,1,20250521,2115,,,,,,,,,,,,,,,3,202505212115,43.27194404069734,142.385,,,,,,,1,,,,,,,,,,blue
t_travospublic_measure_5m_img.25623916.202505212115,81,04,1810350,1,20250521,2115,1,0,,,,,,0,1,,,,,,3,202505212115,43.197222040676884,142.575556,,,1,0,1,0,0,0,0,0,0,0,0,0,0,0,blue
t_travospublic_measure_5m_img.25623917.202505212115,81,07,1810360,1,20250521,2115,,,,,,,,,,,,,,,3,202505212115,43.15732804066562,142.786759,,,,,,,0,0,0,0,0,0,0,0,0,1,blue
t_travospublic_measure_5m_img.25623918.202505212115,81,07,1810370,1,20250521,2115,,,,,,,,,,,,,,,3,202505212115,42.814306040558975,143.51125,,,,,,,1,,,,,,,,,,blue
t_travospublic_measure_5m_img.25623919.202505212115,81,07,1810380,1,20250521,2115,,,,,,,,,,,,,,,3,202505212115,42.82106404056124,143.710554,,,,,,,1,0,0,0,0,0,0,0,0,0,blue
t_travospublic_measure_5m_img.25623920.202505212115,81,06,1810390,1,20250521,2115,,,,,,,,,,,,,,,3,202505212115,42.86448904057567,143.874907,,,,,,,1,,,,,,,,,,blue
t_travospublic_measure_5m_img.25623921.202505212115,81,06,1810400,1,20250521,2115,,,,,,,,,,,,,,,3,202505212115,43.00508004062045,144.254672,,,,,,,1,,,,,,,,,,blue
t_travospublic_measure_5m_img.25623922.202505212115,81,06,1810410,1,20250521,2115,,,,,,,,,,,,,,,3,202505212115,43.0195510406249,144.257695,,,,,,,1,,,,,,,,,,blue
t_travospublic_measure_5m_img.25623923.202505212115,81,06,1810420,1,20250521,2115,10,0,,,,,,14,0,,,,,,3,202505212115,43.00768404062126,144.364725,,,10,0,14,0,0,0,0,0,0,0,0,0,0,0,blue
t_travospublic_measure_5m_img.25623924.202505212115,81,04,1810430,1,20250521,2115,0,0,,,,,,0,0,,,,,,3,202505212115,43.89527804083526,142.525556,,,0,0,0,0,0,0,0,0,0,0,0,0,0,0,blue
t_travospublic_measure_5m_img.25623925.202505212115,81,04,1810440,1,20250521,2115,0,0,,,,,,2,2,,,,,,3,202505212115,43.841944040825744,142.704722,,,0,0,4,0,0,0,0,0,0,0,0,0,0,0,blue
t_travospublic_measure_5m_img.25623926.202505212115,81,04,1810450,1,20250521,2115,0,0,,,,,,0,1,,,,,,3,202505212115,43.65333304078868,143.117222,,,0,0,1,0,0,0,0,0,0,0,0,0,0,0,blue
t_travospublic_measure_5m_img.25623927.202505212115,81,08,1810460,1,20250521,2115,,,,,,,,,,,,,,,3,202505212115,43.88484504083343,144.001818,,,,,,,0,0,0,0,0,0,0,0,0,1,blue
t_travospublic_measure_5m_img.25623928.202505212115,81,08,1810480,1,20250521,2115,0,0,,,,,,2,0,,,,,,3,202505212115,43.91366204083846,144.156572,,,0,0,2,0,0,0,0,0,0,0,0,0,0,0,blue
t_travospublic_measure_5m_img.25623929.202505212115,81,04,1810490,1,20250521,2115,,,,,,,,,,,,,,,3,202505212115,43.84722204082672,142.449167,,,,,,,1,0,0,0,0,0,0,0,0,0,blue
t_travospublic_measure_5m_img.25623930.202505212115,81,04,1810500,1,20250521,2115,0,0,,,,,,0,0,,,,,,3,202505212115,44.08944404086627,142.395278,,,0,0,0,0,0,0,0,0,0,0,0,0,0,0,blue
t_travospublic_measure_5m_img.25623931.202505212115,81,04,1810510,1,20250521,2115,1,0,,,,,,0,0,,,,,,3,202505212115,44.704722040926775,142.273889,,,1,0,0,0,0,0,0,0,0,0,0,0,0,0,blue
t_travospublic_measure_5m_img.25623932.202505212115,81,04,1810520,1,20250521,2115,0,1,,,,,,0,0,,,,,,3,202505212115,44.72277804092767,142.249444,,,1,0,0,0,0,0,0,0,0,0,0,0,0,0,blue
t_travospublic_measure_5m_img.25623933.202505212115,81,09,1810530,1,20250521,2115,,,,,,,,,,,,,,,3,202505212115,44.89631204093388,141.953342,,,,,,,1,0,0,0,0,0,0,0,0,0,blue
t_travospublic_measure_5m_img.25623934.202505212115,81,10,1810540,1,20250521,2115,,,,,,,,,,,,,,,3,202505212115,45.02071604093552,141.771957,,,,,,,1,0,0,0,0,0,0,0,0,0,blue
t_travospublic_measure_5m_img.25623935.202505212115,81,10,1810550,1,20250521,2115,4,0,,,,,,0,0,,,,,,3,202505212115,45.14500004093481,141.751667,,,4,0,0,0,0,0,0,0,0,0,0,0,0,0,blue
t_travospublic_measure_5m_img.25623936.202505212115,81,10,1810560,1,20250521,2115,,,,,,,,,,,,,,,3,202505212115,45.226363040933066,141.745321,,,,,,,1,,,,,,,,,,blue
t_travospublic_measure_5m_img.25623937.202505212115,81,10,1810570,1,20250521,2115,0,0,,,,,,0,0,,,,,,3,202505212115,45.112831040935205,141.794564,,,0,0,0,0,0,0,0,0,0,0,0,0,0,0,blue
t_travospublic_measure_5m_img.25623938.202505212115,81,06,1810580,1,20250521,2115,20,0,,,,,,33,0,,,,,,3,202505212115,42.9878210406151,144.393418,,,20,0,33,0,0,0,0,0,0,0,0,0,0,0,blue
t_travospublic_measure_5m_img.25623939.202505212115,81,06,1810590,1,20250521,2115,,,,,,,,,,,,,,,3,202505212115,43.05774504063647,144.791279,,,,,,,1,,,,,,,,,,blue
t_travospublic_measure_5m_img.25623940.202505212115,81,06,1810600,1,20250521,2115,2,0,,,,,,1,1,,,,,,3,202505212115,43.05804004063655,144.830749,,,2,0,2,0,0,0,0,0,0,0,0,0,0,0,blue
t_travospublic_measure_5m_img.25623941.202505212115,81,06,1810610,1,20250521,2115,0,0,,,,,,0,0,,,,,,3,202505212115,43.282406040700124,145.50731400000004,,,0,0,0,0,0,0,0,0,0,0,0,0,0,0,blue
t_travospublic_measure_5m_img.25623942.202505212115,81,02,1810620,1,20250521,2115,0,0,,,,,,0,0,,,,,,3,202505212115,41.950833040213396,140.45583300000004,,,0,0,0,0,0,0,0,0,0,0,0,0,0,0,blue
t_travospublic_measure_5m_img.25623943.202505212115,81,02,1810630,1,20250521,2115,,,,,,,,,,,,,,,3,202505212115,41.77071104012753,140.613124,,,,,,,1,0,0,0,0,0,0,0,0,0,blue
t_travospublic_measure_5m_img.25623944.202505212115,81,02,1810640,1,20250521,2115,,,,,,,,,,,,,,,3,202505212115,41.666445040075686,140.434972,,,,,,,1,,,,,,,,,,blue
t_travospublic_measure_5m_img.25623945.202505212115,81,02,1810650,1,20250521,2115,3,0,,,,,,2,0,,,,,,3,202505212115,41.624898040054596,140.429715,,,3,0,2,0,0,0,0,0,0,0,0,0,0,0,blue
t_travospublic_measure_5m_img.25623946.202505212115,81,02,1810660,1,20250521,2115,0,0,,,,,,0,0,,,,,,3,202505212115,41.49941703998935,140.249304,,,0,0,0,0,0,0,0,0,0,0,0,0,0,0,blue
t_travospublic_measure_5m_img.25623947.202505212115,81,02,1810670,1,20250521,2115,,,,,,,,,,,,,,,3,202505212115,41.40202103993715,140.185625,,,,,,,1,,,,,,,,,,blue
t_travospublic_measure_5m_img.25623948.202505212115,81,02,1810680,1,20250521,2115,,,,,,,,,,,,,,,3,202505212115,41.43166703995318,140.128056,,,,,,,1,0,0,0,0,0,0,0,0,0,blue
t_travospublic_measure_5m_img.25623949.202505212115,81,02,1810690,1,20250521,2115,,,,,,,,,,,,,,,3,202505212115,41.71166704009836,140.027778,,,,,,,1,0,0,0,0,0,0,0,0,0,blue
t_travospublic_measure_5m_img.25623950.202505212115,81,02,1810700,1,20250521,2115,9,0,,,,,,0,0,,,,,,3,202505212115,41.84777804016484,140.12472200000002,,,9,0,0,0,0,0,0,0,0,0,0,0,0,0,blue
t_travospublic_measure_5m_img.25623951.202505212115,81,02,1810710,1,20250521,2115,,,,,,,,,,,,,,,3,202505212115,41.84277804016245,140.732222,,,,,,,1,0,0,0,0,0,0,0,0,0,blue
t_travospublic_measure_5m_img.25623952.202505212115,81,02,1810720,1,20250521,2115,,,,,,,,,,,,,,,3,202505212115,41.83583304015913,140.645833,,,,,,,1,0,0,0,0,0,0,0,0,0,blue
t_travospublic_measure_5m_img.25623953.202505212115,81,02,1810730,1,20250521,2115,,,,,,,,,,,,,,,3,202505212115,41.78055604013235,140.61055600000003,,,,,,,1,,,,,,,,,,blue
t_travospublic_measure_5m_img.25623954.202505212115,81,03,1810750,1,20250521,2115,3,0,,,,,,0,0,,,,,,3,202505212115,43.2287050406856,140.73446400000003,,,3,0,0,0,0,0,0,0,0,0,0,0,0,0,blue
t_travospublic_measure_5m_img.25623955.202505212115,81,03,1810760,1,20250521,2115,0,0,,,,,,1,0,,,,,,3,202505212115,43.280277040699566,140.6375,,,0,0,1,0,0,0,0,0,0,0,0,0,0,0,blue
t_travospublic_measure_5m_img.25623956.202505212115,81,03,1810780,1,20250521,2115,0,0,,,,,,1,0,,,,,,3,202505212115,43.328914040712355,140.422613,,,0,0,1,0,0,0,0,0,0,0,0,0,0,0,blue
t_travospublic_measure_5m_img.25623957.202505212115,81,03,1810790,1,20250521,2115,0,0,,,,,,0,0,,,,,,3,202505212115,43.19878704067732,140.346959,,,0,0,0,0,0,0,0,0,0,0,0,0,0,0,blue
t_travospublic_measure_5m_img.25623958.202505212115,81,03,1810800,1,20250521,2115,3,0,,,,,,2,0,,,,,,3,202505212115,43.04480504063257,140.505833,,,3,0,2,0,0,0,0,0,0,0,0,0,0,0,blue
t_travospublic_measure_5m_img.25623959.202505212115,81,03,1810810,1,20250521,2115,4,0,,,,,,8,1,,,,,,3,202505212115,43.02277704062587,140.548333,,,4,0,9,0,0,0,0,0,0,0,0,0,0,0,blue
t_travospublic_measure_5m_img.25623960.202505212115,81,03,1810820,1,20250521,2115,10,1,,,,,,4,1,,,,,,3,202505212115,42.99750304061811,140.538303,,,11,0,5,0,0,0,0,0,0,0,0,0,0,0,blue
t_travospublic_measure_5m_img.25623961.202505212115,81,03,1810830,1,20250521,2115,6,0,,,,,,4,1,,,,,,3,202505212115,42.981000040613,140.511333,,,6,0,5,0,0,0,0,0,0,0,0,0,0,0,blue
t_travospublic_measure_5m_img.25623962.202505212115,81,03,1810840,1,20250521,2115,0,0,,,,,,0,0,,,,,,3,202505212115,42.93163404059743,140.409415,,,0,0,0,0,0,0,0,0,0,0,0,0,0,0,blue
t_travospublic_measure_5m_img.25623963.202505212115,81,03,1810850,1,20250521,2115,2,1,,,,,,2,1,,,,,,3,202505212115,42.83094404056455,140.308974,,,3,0,3,0,0,0,0,0,0,0,0,0,0,0,blue
t_travospublic_measure_5m_img.25623964.202505212115,81,03,1810860,1,20250521,2115,0,0,,,,,,1,0,,,,,,3,202505212115,42.818297040560324,140.184051,,,0,0,1,0,0,0,0,0,0,0,0,0,0,0,blue
t_travospublic_measure_5m_img.25623965.202505212115,81,03,1810870,1,20250521,2115,0,0,,,,,,0,0,,,,,,3,202505212115,42.68444404051404,139.919444,,,0,0,0,0,0,0,0,0,0,0,0,0,0,0,blue
t_travospublic_measure_5m_img.25623966.202505212115,81,02,1810880,1,20250521,2115,,,,,,,,,,,,,,,3,202505212115,42.57583304047453,139.832222,,,,,,,1,0,0,0,0,0,0,0,0,0,blue
t_travospublic_measure_5m_img.25623967.202505212115,81,02,1810890,1,20250521,2115,0,0,,,,,,0,0,,,,,,3,202505212115,42.17250004031257,139.899444,,,0,0,0,0,0,0,0,0,0,0,0,0,0,0,blue
t_travospublic_measure_5m_img.25623968.202505212115,81,02,1810900,1,20250521,2115,0,0,,,,,,0,0,,,,,,3,202505212115,42.21750004033183,139.868333,,,0,0,0,0,0,0,0,0,0,0,0,0,0,0,blue
t_travospublic_measure_5m_img.25623969.202505212115,81,02,1810910,1,20250521,2115,,,,,,,,,,,,,,,3,202505212115,42.11918804028937,140.016837,,,,,,,1,0,0,0,0,0,0,0,0,0,blue
t_travospublic_measure_5m_img.25623970.202505212115,81,02,1810920,1,20250521,2115,,,,,,,,,,,,,,,3,202505212115,41.97324904022374,140.139624,,,,,,,1,0,0,0,0,0,0,0,0,0,blue
t_travospublic_measure_5m_img.25623971.202505212115,81,01,1810940,1,20250521,2115,,,,,,,,,,,,,,,3,202505212115,43.001256040619275,141.339621,,,,,,,1,0,0,0,0,0,0,0,0,0,blue
t_travospublic_measure_5m_img.25623972.202505212115,81,01,1810950,1,20250521,2115,,,,,,,,,,,,,,,3,202505212115,42.999192040618645,141.337588,,,,,,,1,0,0,0,0,0,0,0,0,0,blue
t_travospublic_measure_5m_img.25623973.202505212115,81,01,1810970,1,20250521,2115,,,,,,,,,,,,,,,3,202505212115,42.883263040581824,141.139985,,,,,,,1,,,,,,,,,,blue
t_travospublic_measure_5m_img.25623974.202505212115,81,03,1810980,1,20250521,2115,3,0,,,,,,1,0,,,,,,3,202505212115,42.69444404051758,140.839722,,,3,0,1,0,0,0,0,0,0,0,0,0,0,0,blue
t_travospublic_measure_5m_img.25623975.202505212115,81,01,1811010,1,20250521,2115,21,0,,,,,,9,0,,,,,,3,202505212115,43.161847040666906,141.353771,,,21,0,9,0,0,0,0,0,0,0,0,0,0,0,blue
t_travospublic_measure_5m_img.25623976.202505212115,81,01,1811020,1,20250521,2115,15,1,,,,,,4,0,,,,,,3,202505212115,43.183375040672985,141.323859,,,16,0,4,0,0,0,0,0,0,0,0,0,0,0,blue
t_travospublic_measure_5m_img.25623977.202505212115,81,01,1811030,1,20250521,2115,,,,,,,,,,,,,,,3,202505212115,43.22320404068409,141.345058,,,,,,,1,0,0,0,0,0,0,0,0,0,blue
t_travospublic_measure_5m_img.25623978.202505212115,81,01,1811040,1,20250521,2115,1,1,,,,,,0,0,,,,,,3,202505212115,43.39904804073019,141.436259,,,2,0,0,0,0,0,0,0,0,0,0,0,0,0,blue
t_travospublic_measure_5m_img.25623979.202505212115,81,09,1811050,1,20250521,2115,,,,,,,,,,,,,,,3,202505212115,43.754167040809165,141.350556,,,,,,,1,0,0,0,0,0,0,0,0,0,blue
t_travospublic_measure_5m_img.25623980.202505212115,81,09,1811060,1,20250521,2115,,,,,,,,,,,,,,,3,202505212115,44.96800904093512,141.76263200000002,,,,,,,1,0,0,0,0,0,0,0,0,0,blue
t_travospublic_measure_5m_img.25623981.202505212115,81,09,1811070,1,20250521,2115,,,,,,,,,,,,,,,3,202505212115,44.934167040934625,141.755833,,,,,,,1,0,0,0,0,0,0,0,0,0,blue
t_travospublic_measure_5m_img.25623982.202505212115,81,09,1811080,1,20250521,2115,2,0,,,,,,0,0,,,,,,3,202505212115,44.80500004093119,141.786111,,,2,0,0,0,0,0,0,0,0,0,0,0,0,0,blue
t_travospublic_measure_5m_img.25623983.202505212115,81,09,1811090,1,20250521,2115,0,0,,,,,,1,0,,,,,,3,202505212115,44.642222040923244,141.793889,,,0,0,1,0,0,0,0,0,0,0,0,0,0,0,blue
t_travospublic_measure_5m_img.25623984.202505212115,81,09,1811100,1,20250521,2115,2,0,,,,,,0,0,,,,,,3,202505212115,44.50014404091302,141.76481,,,2,0,0,0,0,0,0,0,0,0,0,0,0,0,blue
t_travospublic_measure_5m_img.25623985.202505212115,81,09,1811110,1,20250521,2115,,,,,,,,,,,,,,,3,202505212115,44.37405804090138,141.71125400000003,,,,,,,1,0,0,0,0,0,0,0,0,0,blue
t_travospublic_measure_5m_img.25623986.202505212115,81,09,1811120,1,20250521,2115,1,0,,,,,,0,0,,,,,,3,202505212115,44.255783040888275,141.656125,,,1,0,0,0,0,0,0,0,0,0,0,0,0,0,blue
t_travospublic_measure_5m_img.25623987.202505212115,81,09,1811130,1,20250521,2115,,,,,,,,,,,,,,,3,202505212115,44.07063104086351,141.663029,,,,,,,1,0,0,0,0,0,0,0,0,0,blue
t_travospublic_measure_5m_img.25623988.202505212115,81,09,1811140,1,20250521,2115,,,,,,,,,,,,,,,3,202505212115,43.99097904085126,141.651204,,,,,,,1,,,,,,,,,,blue
t_travospublic_measure_5m_img.25623989.202505212115,81,09,1811150,1,20250521,2115,4,0,,,,,,1,0,,,,,,3,202505212115,43.94678404084405,141.651833,,,4,0,1,0,0,0,0,0,0,0,0,0,0,0,blue
t_travospublic_measure_5m_img.25623990.202505212115,81,09,1811160,1,20250521,2115,,,,,,,,,,,,,,,3,202505212115,43.83194404082392,141.829722,,,,,,,1,0,0,0,0,0,0,0,0,0,blue
t_travospublic_measure_5m_img.25623991.202505212115,81,09,1811170,1,20250521,2115,,,,,,,,,,,,,,,3,202505212115,43.84929604082709,141.814296,,,,,,,1,0,0,0,0,0,0,0,0,0,blue
t_travospublic_measure_5m_img.25623992.202505212115,81,09,1811180,1,20250521,2115,0,0,,,,,,2,0,,,,,,3,202505212115,43.874414040831596,141.738365,,,0,0,2,0,0,0,0,0,0,0,0,0,0,0,blue
t_travospublic_measure_5m_img.25623993.202505212115,81,09,1811190,1,20250521,2115,,,,,,,,,,,,,,,3,202505212115,43.918889040839346,141.685,,,,,,,1,0,0,0,0,0,0,0,0,0,blue
t_travospublic_measure_5m_img.25623994.202505212115,81,09,1811200,1,20250521,2115,1,0,,,,,,3,0,,,,,,3,202505212115,43.89040404083442,141.708596,,,1,0,3,0,0,0,0,0,0,0,0,0,0,0,blue
t_travospublic_measure_5m_img.25623995.202505212115,81,01,1811210,1,20250521,2115,,,,,,,,,,,,,,,3,202505212115,43.19022204067492,141.765475,,,,,,,1,0,0,0,0,0,0,0,0,0,blue
t_travospublic_measure_5m_img.25623996.202505212115,81,01,1811220,1,20250521,2115,,,,,,,,,,,,,,,3,202505212115,42.898883040586895,141.813884,,,,,,,1,0,0,0,0,0,0,0,0,0,blue
t_travospublic_measure_5m_img.25623997.202505212115,81,05,1811230,1,20250521,2115,0,1,,,,,,0,0,,,,,,3,202505212115,42.885113040582425,141.812065,,,1,0,0,0,0,0,0,0,0,0,0,0,0,0,blue
t_travospublic_measure_5m_img.25623998.202505212115,81,05,1811240,1,20250521,2115,1,1,,,,,,2,0,,,,,,3,202505212115,42.76319504054159,141.812586,,,2,0,2,0,0,0,0,0,0,0,0,0,0,0,blue
t_travospublic_measure_5m_img.25623999.202505212115,81,05,1811250,1,20250521,2115,11,0,,,,,,8,1,,,,,,3,202505212115,42.55317704046606,141.981715,,,11,0,9,0,0,0,0,0,0,0,0,0,0,0,blue
t_travospublic_measure_5m_img.25624000.202505212115,81,05,1811260,1,20250521,2115,5,0,,,,,,10,0,,,,,,3,202505212115,42.16916704031112,142.768611,,,5,0,10,0,0,0,0,0,0,0,0,0,0,0,blue
t_travospublic_measure_5m_img.25624001.202505212115,81,05,1811270,1,20250521,2115,1,0,,,,,,1,1,,,,,,3,202505212115,42.50615204044825,142.070834,,,1,0,2,0,0,0,0,0,0,0,0,0,0,0,blue
t_travospublic_measure_5m_img.25624002.202505212115,81,07,1811280,1,20250521,2115,0,0,,,,,,1,0,,,,,,3,202505212115,42.58422604047764,143.30053,,,0,0,1,0,0,0,0,0,0,0,0,0,0,0,blue
t_travospublic_measure_5m_img.25624003.202505212115,81,07,1811290,1,20250521,2115,0,0,,,,,,0,0,,,,,,3,202505212115,42.3768230403976,143.061454,,,0,0,0,0,0,0,0,0,0,0,0,0,0,0,blue
t_travospublic_measure_5m_img.25624004.202505212115,81,04,1811320,1,20250521,2115,3,0,,,,,,11,0,,,,,,3,202505212115,43.60527804077837,142.469167,,,3,0,11,0,0,0,0,0,0,0,0,0,0,0,blue
t_travospublic_measure_5m_img.25624005.202505212115,81,04,1811330,1,20250521,2115,,,,,,,,,,,,,,,3,202505212115,43.560833040768536,142.435,,,,,,,0,0,0,0,0,0,0,0,0,1,blue
t_travospublic_measure_5m_img.25624006.202505212115,81,04,1811340,1,20250521,2115,0,0,,,,,,1,0,,,,,,3,202505212115,43.46000004074509,142.458611,,,0,0,1,0,0,0,0,0,0,0,0,0,0,0,blue
t_travospublic_measure_5m_img.25624007.202505212115,81,04,1811350,1,20250521,2115,5,0,,,,,,10,0,,,,,,3,202505212115,43.41250004073354,142.433056,,,5,0,10,0,0,0,0,0,0,0,0,0,0,0,blue
t_travospublic_measure_5m_img.25624008.202505212115,81,04,1811360,1,20250521,2115,0,0,,,,,,0,0,,,,,,3,202505212115,43.11694404065397,142.400833,,,0,0,0,0,0,0,0,0,0,0,0,0,0,0,blue
t_travospublic_measure_5m_img.25624009.202505212115,81,08,1811370,1,20250521,2115,,,,,,,,,,,,,,,3,202505212115,44.09975304086775,143.867897,,,,,,,0,0,0,0,0,0,0,0,0,1,blue
t_travospublic_measure_5m_img.25624010.202505212115,81,08,1811380,1,20250521,2115,,,,,,,,,,,,,,,3,202505212115,44.12070404087072,143.72058,,,,,,,0,0,0,0,0,0,0,0,0,1,blue
t_travospublic_measure_5m_img.25624011.202505212115,81,08,1811390,1,20250521,2115,9,0,,,,,,4,0,,,,,,3,202505212115,44.364948040900465,143.334896,,,9,0,4,0,0,0,0,0,0,0,0,0,0,0,blue
t_travospublic_measure_5m_img.25624012.202505212115,81,10,1811400,1,20250521,2115,,,,,,,,,,,,,,,3,202505212115,44.77763904093014,142.72205300000002,,,,,,,1,0,0,0,0,0,0,0,0,0,blue
t_travospublic_measure_5m_img.25624013.202505212115,81,10,1811410,1,20250521,2115,0,0,,,,,,0,0,,,,,,3,202505212115,45.361691040927944,142.122166,,,0,0,0,0,0,0,0,0,0,0,0,0,0,0,blue
t_travospublic_measure_5m_img.25624014.202505212115,81,10,1811420,1,20250521,2115,0,0,,,,,,4,0,,,,,,3,202505212115,45.43694404092388,141.862222,,,0,0,4,0,0,0,0,0,0,0,0,0,0,0,blue
t_travospublic_measure_5m_img.25624015.202505212115,81,08,1811430,1,20250521,2115,0,0,,,,,,0,0,,,,,,3,202505212115,44.40500204090447,143.017708,,,0,0,0,0,0,0,0,0,0,0,0,0,0,0,blue
t_travospublic_measure_5m_img.25624016.202505212115,81,04,1811440,1,20250521,2115,0,0,,,,,,0,0,,,,,,3,202505212115,44.31583304089519,142.783333,,,0,0,0,0,0,0,0,0,0,0,0,0,0,0,blue
t_travospublic_measure_5m_img.25624017.202505212115,81,04,1811450,1,20250521,2115,0,0,,,,,,0,0,,,,,,3,202505212115,44.18222204087907,142.306667,,,0,0,0,0,0,0,0,0,0,0,0,0,0,0,blue
t_travospublic_measure_5m_img.25624018.202505212115,81,09,1811460,1,20250521,2115,,,,,,,,,,,,,,,3,202505212115,44.20135104088153,142.034302,,,,,,,1,0,0,0,0,0,0,0,0,0,blue
t_travospublic_measure_5m_img.25624019.202505212115,81,09,1811470,1,20250521,2115,,,,,,,,,,,,,,,3,202505212115,44.23906304088626,141.778997,,,,,,,1,0,0,0,0,0,0,0,0,0,blue
t_travospublic_measure_5m_img.25624020.202505212115,81,09,1811480,1,20250521,2115,0,0,,,,,,0,0,,,,,,3,202505212115,44.2719440408902,141.686389,,,0,0,0,0,0,0,0,0,0,0,0,0,0,0,blue
t_travospublic_measure_5m_img.25624021.202505212115,81,06,1811490,1,20250521,2115,,,,,,,,,,,,,,,3,202505212115,43.28312104070033,144.106479,,,,,,,1,0,0,0,0,0,0,0,0,0,blue
t_travospublic_measure_5m_img.25624022.202505212115,81,06,1811500,1,20250521,2115,0,0,,,,,,0,0,,,,,,3,202505212115,43.45847504074473,144.008366,,,0,0,0,0,0,0,0,0,0,0,0,0,0,0,blue
t_travospublic_measure_5m_img.25624023.202505212115,81,08,1811520,1,20250521,2115,2,0,,,,,,1,1,,,,,,3,202505212115,44.16231304087643,143.57881,,,2,0,2,0,0,0,0,0,0,0,0,0,0,0,blue
t_travospublic_measure_5m_img.25624024.202505212115,81,08,1811530,1,20250521,2115,,,,,,,,,,,,,,,3,202505212115,44.13401504087257,143.561357,,,,,,,1,,,,,,,,,,blue
t_travospublic_measure_5m_img.25624025.202505212115,81,08,1811540,1,20250521,2115,0,0,,,,,,0,1,,,,,,3,202505212115,43.81153304082013,143.553741,,,0,0,1,0,0,0,0,0,0,0,0,0,0,0,blue
t_travospublic_measure_5m_img.25624026.202505212115,81,07,1811550,1,20250521,2115,,,,,,,,,,,,,,,3,202505212115,43.614803040780444,143.623559,,,,,,,1,,,,,,,,,,blue
t_travospublic_measure_5m_img.25624027.202505212115,81,07,1811560,1,20250521,2115,,,,,,,,,,,,,,,3,202505212115,42.950000040603264,143.426667,,,,,,,1,,,,,,,,,,blue
t_travospublic_measure_5m_img.25624028.202505212115,81,07,1811570,1,20250521,2115,,,,,,,,,,,,,,,3,202505212115,42.919389040593515,143.382667,,,,,,,1,,,,,,,,,,blue
t_travospublic_measure_5m_img.25624029.202505212115,81,06,1811580,1,20250521,2115,,,,,,,,,,,,,,,3,202505212115,43.65168204078832,144.260814,,,,,,,1,,,,,,,,,,blue
t_travospublic_measure_5m_img.25624030.202505212115,81,06,1811590,1,20250521,2115,,,,,,,,,,,,,,,3,202505212115,43.48222204075039,144.542778,,,,,,,1,,,,,,,,,,blue
t_travospublic_measure_5m_img.25624031.202505212115,81,06,1811600,1,20250521,2115,0,0,,,,,,0,0,,,,,,3,202505212115,43.415912040734376,144.740463,,,0,0,0,0,0,0,0,0,0,0,0,0,0,0,blue
t_travospublic_measure_5m_img.25624032.202505212115,81,08,1811610,1,20250521,2115,,,,,,,,,,,,,,,3,202505212115,43.96614504084723,144.326697,,,,,,,1,,,,,,,,,,blue
t_travospublic_measure_5m_img.25624033.202505212115,81,08,1811620,1,20250521,2115,,,,,,,,,,,,,,,3,202505212115,43.91012304083783,144.542023,,,,,,,1,,,,,,,,,,blue
t_travospublic_measure_5m_img.25624034.202505212115,81,08,1811630,1,20250521,2115,,,,,,,,,,,,,,,3,202505212115,43.888827040834144,144.736391,,,,,,,1,0,0,0,0,0,0,0,0,0,blue
t_travospublic_measure_5m_img.25624035.202505212115,81,06,1811640,1,20250521,2115,0,0,,,,,,0,0,,,,,,3,202505212115,43.73179504080475,144.960789,,,0,0,0,0,0,0,0,0,0,0,0,0,0,0,blue
t_travospublic_measure_5m_img.25624036.202505212115,81,06,1811650,1,20250521,2115,,,,,,,,,,,,,,,3,202505212115,43.69435704079721,145.112266,,,,,,,1,0,0,0,0,0,0,0,0,0,blue
t_travospublic_measure_5m_img.25624037.202505212115,81,06,1811660,1,20250521,2115,,,,,,,,,,,,,,,3,202505212115,43.37687304072465,145.283748,,,,,,,1,0,0,0,0,0,0,0,0,0,blue
t_travospublic_measure_5m_img.25624038.202505212115,81,06,1811670,1,20250521,2115,,,,,,,,,,,,,,,3,202505212115,43.225599040684756,144.69552000000002,,,,,,,1,0,0,0,0,0,0,0,0,0,blue
t_travospublic_measure_5m_img.25624039.202505212115,81,06,1811680,1,20250521,2115,2,0,,,,,,1,0,,,,,,3,202505212115,43.384169040726476,144.866826,,,2,0,1,0,0,0,0,0,0,0,0,0,0,0,blue
t_travospublic_measure_5m_img.25624040.202505212115,81,06,1811690,1,20250521,2115,1,0,,,,,,0,0,,,,,,3,202505212115,43.60985404077937,145.077277,,,1,0,0,0,0,0,0,0,0,0,0,0,0,0,blue
t_travospublic_measure_5m_img.25624041.202505212115,81,07,1811700,1,20250521,2115,,,,,,,,,,,,,,,3,202505212115,43.353586040718724,143.261308,,,,,,,1,,,,,,,,,,blue
t_travospublic_measure_5m_img.25624042.202505212115,81,07,1811710,1,20250521,2115,,,,,,,,,,,,,,,3,202505212115,43.571286040770886,143.120781,,,,,,,1,,,,,,,,,,blue
t_travospublic_measure_5m_img.25624043.202505212115,81,04,1811720,1,20250521,2115,0,0,,,,,,0,0,,,,,,3,202505212115,43.66638904079141,143.0375,,,0,0,0,0,0,0,0,0,0,0,0,0,0,0,blue
t_travospublic_measure_5m_img.25624044.202505212115,81,04,1811730,1,20250521,2115,,,,,,,,,,,,,,,3,202505212115,43.90888904083762,142.97333300000003,,,,,,,1,0,0,0,0,0,0,0,0,0,blue
t_travospublic_measure_5m_img.25624045.202505212115,81,04,1811740,1,20250521,2115,0,0,,,,,,0,0,,,,,,3,202505212115,43.938889040842724,142.945556,,,0,0,0,0,0,0,0,0,0,0,0,0,0,0,blue
t_travospublic_measure_5m_img.25624046.202505212115,81,01,1811750,1,20250521,2115,,,,,,,,,,,,,,,3,202505212115,42.99055604061596,141.606111,,,,,,,1,0,0,0,0,0,0,0,0,0,blue
t_travospublic_measure_5m_img.25624047.202505212115,81,01,1811760,1,20250521,2115,,,,,,,,,,,,,,,3,202505212115,42.94269504060095,141.76061,,,,,,,1,0,0,0,0,0,0,0,0,0,blue
t_travospublic_measure_5m_img.25624048.202505212115,81,01,1811770,1,20250521,2115,,,,,,,,,,,,,,,3,202505212115,42.950353040603375,141.802672,,,,,,,1,0,0,0,0,0,0,0,0,0,blue
t_travospublic_measure_5m_img.25624049.202505212115,81,01,1811780,1,20250521,2115,,,,,,,,,,,,,,,3,202505212115,42.91325204059154,141.966963,,,,,,,1,0,0,0,0,0,0,0,0,0,blue
t_travospublic_measure_5m_img.25624050.202505212115,81,01,1811790,1,20250521,2115,,,,,,,,,,,,,,,3,202505212115,42.92852504059643,142.063994,,,,,,,1,0,0,0,0,0,0,0,0,0,blue
t_travospublic_measure_5m_img.25624051.202505212115,81,05,1811800,1,20250521,2115,,,,,,,,,,,,,,,3,202505212115,42.9641030406077,142.63981100000004,,,,,,,1,0,0,0,0,0,0,0,0,0,blue
t_travospublic_measure_5m_img.25624052.202505212115,81,01,1811810,1,20250521,2115,,,,,,,,,,,,,,,3,202505212115,43.18243804067272,141.523454,,,,,,,1,0,0,0,0,0,0,0,0,0,blue
t_travospublic_measure_5m_img.25624053.202505212115,81,01,1811840,1,20250521,2115,,,,,,,,,,,,,,,3,202505212115,43.71586004080156,141.885874,,,,,,,1,0,0,0,0,0,0,0,0,0,blue
t_travospublic_measure_5m_img.25624054.202505212115,81,01,1811850,1,20250521,2115,,,,,,,,,,,,,,,3,202505212115,43.76892104081203,141.884179,,,,,,,1,0,0,0,0,0,0,0,0,0,blue
t_travospublic_measure_5m_img.25624055.202505212115,81,01,1811860,1,20250521,2115,,,,,,,,,,,,,,,3,202505212115,43.80589304081908,141.905599,,,,,,,1,0,0,0,0,0,0,0,0,0,blue
t_travospublic_measure_5m_img.25624056.202505212115,81,01,1811870,1,20250521,2115,0,0,,,,,,0,0,,,,,,3,202505212115,43.917356040839074,142.125632,,,0,0,0,0,0,0,0,0,0,0,0,0,0,0,blue
t_travospublic_measure_5m_img.25624057.202505212115,81,04,1811880,1,20250521,2115,,,,,,,,,,,,,,,3,202505212115,44.74083304092855,142.253333,,,,,,,0,0,0,0,0,0,0,0,0,1,blue
t_travospublic_measure_5m_img.25624058.202505212115,81,10,1811890,1,20250521,2115,0,0,,,,,,3,0,,,,,,3,202505212115,44.82012704093172,142.283995,,,0,0,3,0,0,0,0,0,0,0,0,0,0,0,blue
t_travospublic_measure_5m_img.25624059.202505212115,81,10,1811900,1,20250521,2115,,,,,,,,,,,,,,,3,202505212115,45.044836040935564,142.315288,,,,,,,1,0,0,0,0,0,0,0,0,1,blue
t_travospublic_measure_5m_img.25624060.202505212115,81,10,1811910,1,20250521,2115,,,,,,,,,,,,,,,3,202505212115,45.10707504093527,142.363412,,,,,,,1,0,0,0,0,0,0,0,0,1,blue
t_travospublic_measure_5m_img.25624061.202505212115,81,03,1811920,1,20250521,2115,1,1,,,,,,1,1,,,,,,3,202505212115,42.98635304061466,140.606197,,,2,0,2,0,0,0,0,0,0,0,0,0,0,0,blue
t_travospublic_measure_5m_img.25624062.202505212115,81,03,1811930,1,20250521,2115,3,1,,,,,,1,0,,,,,,3,202505212115,42.88083304058103,140.878055,,,4,0,1,0,0,0,0,0,0,0,0,0,0,0,blue
t_travospublic_measure_5m_img.25624063.202505212115,81,03,1811940,1,20250521,2115,1,0,,,,,,0,0,,,,,,3,202505212115,42.80440904055563,140.891961,,,1,0,0,0,0,0,0,0,0,0,0,0,0,0,blue
t_travospublic_measure_5m_img.25624064.202505212115,81,03,1811950,1,20250521,2115,0,0,,,,,,0,0,,,,,,3,202505212115,42.75773904053971,141.013347,,,0,0,0,0,0,0,0,0,0,0,0,0,0,0,blue
t_travospublic_measure_5m_img.25624065.202505212115,81,01,1811990,1,20250521,2115,,,,,,,,,,,,,,,3,202505212115,42.74221004053433,141.402953,,,,,,,1,0,0,0,0,0,0,0,0,0,blue
t_travospublic_measure_5m_img.25624066.202505212115,81,02,1812000,1,20250521,2115,1,0,,,,,,0,0,,,,,,3,202505212115,42.16954304031129,140.05216,,,1,0,0,0,0,0,0,0,0,0,0,0,0,0,blue
t_travospublic_measure_5m_img.25624067.202505212115,81,02,1812010,1,20250521,2115,,,,,,,,,,,,,,,3,202505212115,41.76194404012323,140.856944,,,,,,,1,0,0,0,0,0,0,0,0,0,blue
t_travospublic_measure_5m_img.25624068.202505212115,81,02,1812020,1,20250521,2115,,,,,,,,,,,,,,,3,202505212115,41.714722040099886,140.9975,,,,,,,1,0,0,0,0,0,0,0,0,0,blue
t_travospublic_measure_5m_img.25624069.202505212115,81,02,1812030,1,20250521,2115,,,,,,,,,,,,,,,3,202505212115,41.87888904017965,141.092222,,,,,,,1,0,0,0,0,0,0,0,0,0,blue
t_travospublic_measure_5m_img.25624070.202505212115,81,02,1812040,1,20250521,2115,,,,,,,,,,,,,,,3,202505212115,41.9566670402161,140.928611,,,,,,,1,0,0,0,0,0,0,0,0,0,blue
t_travospublic_measure_5m_img.25624071.202505212115,81,02,1812050,1,20250521,2115,,,,,,,,,,,,,,,3,202505212115,42.013056040241956,140.853611,,,,,,,1,0,0,0,0,0,0,0,0,0,blue
t_travospublic_measure_5m_img.25624072.202505212115,81,02,1812060,1,20250521,2115,,,,,,,,,,,,,,,3,202505212115,42.042500040255284,140.813056,,,,,,,1,0,0,0,0,0,0,0,0,0,blue
t_travospublic_measure_5m_img.25624073.202505212115,81,02,1812070,1,20250521,2115,,,,,,,,,,,,,,,3,202505212115,42.12805604029326,140.711389,,,,,,,1,0,0,0,0,0,0,0,0,0,blue
t_travospublic_measure_5m_img.25624074.202505212115,81,02,1812080,1,20250521,2115,,,,,,,,,,,,,,,3,202505212115,42.118611040289125,140.632778,,,,,,,1,0,0,0,0,0,0,0,0,0,blue
t_travospublic_measure_5m_img.25624075.202505212115,81,06,1812090,1,20250521,2115,,,,,,,,,,,,,,,3,202505212115,43.89994004083609,145.099582,,,,,,,1,0,0,0,0,0,0,0,0,0,blue
t_travospublic_measure_5m_img.25624076.202505212115,81,05,1812130,1,20250521,2115,0,0,,,,,,0,0,,,,,,3,202505212115,42.02778604024864,143.231184,,,0,0,0,0,0,0,0,0,0,0,0,0,0,0,blue
t_travospublic_measure_5m_img.25624077.202505212115,81,07,1812150,1,20250521,2115,0,0,,,,,,0,0,,,,,,3,202505212115,42.16202804030805,143.324389,,,0,0,0,0,0,0,0,0,0,0,0,0,0,0,blue
t_travospublic_measure_5m_img.25624078.202505212115,81,07,1812160,1,20250521,2115,0,0,,,,,,0,0,,,,,,3,202505212115,42.28172204035879,143.318222,,,0,0,0,0,0,0,0,0,0,0,0,0,0,0,blue
t_travospublic_measure_5m_img.25624079.202505212115,81,07,1812170,1,20250521,2115,,,,,,,,,,,,,,,3,202505212115,42.31167604037116,143.321044,,,,,,,1,0,0,0,0,0,0,0,0,0,blue
t_travospublic_measure_5m_img.25624080.202505212115,81,07,1812180,1,20250521,2115,,,,,,,,,,,,,,,3,202505212115,42.68446104051403,143.603341,,,,,,,1,0,0,0,0,0,0,0,0,0,blue
t_travospublic_measure_5m_img.25624081.202505212115,81,07,1812190,1,20250521,2115,2,0,,,,,,0,0,,,,,,3,202505212115,42.69532104051788,143.615947,,,2,0,0,0,0,0,0,0,0,0,0,0,0,0,blue
t_travospublic_measure_5m_img.25624082.202505212115,81,07,1812200,1,20250521,2115,0,0,,,,,,0,0,,,,,,3,202505212115,42.74108304053393,143.63151,,,0,0,0,0,0,0,0,0,0,0,0,0,0,0,blue
t_travospublic_measure_5m_img.25624083.202505212115,81,01,1812210,1,20250521,2115,0,0,,,,,,0,0,,,,,,3,202505212115,42.85600604057288,141.704289,,,0,0,0,0,0,0,0,0,0,0,0,0,0,0,blue
t_travospublic_measure_5m_img.25624084.202505212115,81,01,1812220,1,20250521,2115,,,,,,,,,,,,,,,3,202505212115,42.969962040609545,141.672998,,,,,,,1,0,0,0,0,0,0,0,0,0,blue
t_travospublic_measure_5m_img.25624085.202505212115,81,01,1812230,1,20250521,2115,,,,,,,,,,,,,,,3,202505212115,43.02096904062534,141.663755,,,,,,,1,0,0,0,0,0,0,0,0,0,blue
t_travospublic_measure_5m_img.25624086.202505212115,81,03,1812240,1,20250521,2115,10,1,,,,,,9,1,,,,,,3,202505212115,43.14450004066195,141.187805,,,11,0,10,0,0,0,0,0,0,0,0,0,0,0,blue
t_travospublic_measure_5m_img.25624087.202505212115,81,06,1812250,1,20250521,2115,1,0,,,,,,1,0,,,,,,3,202505212115,43.68733204079576,144.466438,,,1,0,1,0,0,0,0,0,0,0,0,0,0,0,blue
t_travospublic_measure_5m_img.25624088.202505212115,81,03,1812260,1,20250521,2115,0,0,,,,,,0,0,,,,,,3,202505212115,42.99111104061613,140.875833,,,0,0,0,0,0,0,0,0,0,0,0,0,0,0,blue
t_travospublic_measure_5m_img.25624089.202505212115,81,04,1812280,1,20250521,2115,4,1,,,,,,0,0,,,,,,3,202505212115,43.8908760408345,142.588463,,,5,0,0,0,0,0,0,0,0,0,0,0,0,0,blue
t_travospublic_measure_5m_img.25624090.202505212115,81,04,1812290,1,20250521,2115,1,0,,,,,,5,2,,,,,,3,202505212115,43.85300304082776,142.702054,,,1,0,7,0,0,0,0,0,0,0,0,0,0,0,blue
t_travospublic_measure_5m_img.25624091.202505212115,81,01,1812300,1,20250521,2115,,,,,,,,,,,,,,,3,202505212115,43.578650040772516,141.414894,,,,,,,1,0,0,0,0,0,0,0,0,0,blue
t_travospublic_measure_5m_img.25624092.202505212115,81,01,1812310,1,20250521,2115,,,,,,,,,,,,,,,3,202505212115,43.548241040765674,141.621516,,,,,,,1,0,0,0,0,0,0,0,0,0,blue
t_travospublic_measure_5m_img.25624093.202505212115,81,01,1812320,1,20250521,2115,,,,,,,,,,,,,,,3,202505212115,43.542762040764444,141.638006,,,,,,,1,0,0,0,0,0,0,0,0,0,blue
t_travospublic_measure_5m_img.25624094.202505212115,81,01,1812330,1,20250521,2115,,,,,,,,,,,,,,,3,202505212115,43.55901004076813,141.903362,,,,,,,1,0,0,0,0,0,0,0,0,0,blue
t_travospublic_measure_5m_img.25624095.202505212115,81,01,1812340,1,20250521,2115,,,,,,,,,,,,,,,3,202505212115,42.995832040617586,142.00991,,,,,,,1,0,0,0,0,0,0,0,0,0,blue
t_travospublic_measure_5m_img.25624096.202505212115,81,01,1812350,1,20250521,2115,8,0,,,,,,20,0,,,,,,3,202505212115,42.979904040612645,141.346302,,,8,0,20,0,0,0,0,0,0,0,0,0,0,0,blue
t_travospublic_measure_5m_img.25624097.202505212115,81,01,1812360,1,20250521,2115,1,0,,,,,,0,0,,,,,,3,202505212115,42.87625504057954,141.358278,,,1,0,0,0,0,0,0,0,0,0,0,0,0,0,blue
t_travospublic_measure_5m_img.25624098.202505212115,81,01,1812370,1,20250521,2115,0,0,,,,,,0,0,,,,,,3,202505212115,42.83639604056636,141.300884,,,0,0,0,0,0,0,0,0,0,0,0,0,0,0,blue
t_travospublic_measure_5m_img.25624099.202505212115,81,01,1812380,1,20250521,2115,,,,,,,,,,,,,,,3,202505212115,42.80255304055502,141.327921,,,,,,,1,0,0,0,0,0,0,0,0,0,blue
t_travospublic_measure_5m_img.25624100.202505212115,82,,2810180,1,20250521,2115,8,1,,,,,,2,1,,,,,,3,202505212115,38.89166803813703,141.115835,,,9,0,3,0,0,,,,0,,,,,,blue
t_travospublic_measure_5m_img.25624101.202505212115,82,,2810190,1,20250521,2115,17,3,,,,,,2,1,,,,,,3,202505212115,39.03166703825964,141.1175,,,20,0,3,0,0,,,,0,,,,,,blue
t_travospublic_measure_5m_img.25624102.202505212115,82,,2810200,1,20250521,2115,2,2,,,,,,9,2,,,,,,3,202505212115,39.0450020382712,141.129544,,,4,0,11,0,0,,,,0,,,,,,blue
t_travospublic_measure_5m_img.25624103.202505212115,82,,2810220,1,20250521,2115,26,1,,,,,,25,4,,,,,,3,202505212115,39.29444503848296,141.105556,,,27,0,29,0,0,,,,0,,,,,,blue
t_travospublic_measure_5m_img.25624104.202505212115,82,,2810230,1,20250521,2115,0,0,,,,,,0,0,,,,,,3,202505212115,39.344446038524424,141.106946,,,0,0,0,0,0,,,,0,,,,,,blue
t_travospublic_measure_5m_img.25624105.202505212115,82,,2810240,1,20250521,2115,1,2,,,,,,6,4,,,,,,3,202505212115,39.651946038772245,141.164724,,,3,0,10,0,0,,,,0,,,,,,blue
t_travospublic_measure_5m_img.25624106.202505212115,82,,2810250,1,20250521,2115,,,,,,,,,,,,,,,3,202505212115,39.888889038954595,141.19528,,,,,,,1,,,,0,,,,,,blue
t_travospublic_measure_5m_img.25624107.202505212115,82,,2810270,1,20250521,2115,0,0,,,,,,0,0,,,,,,3,202505212115,40.27277803923393,141.293058,,,0,0,0,0,0,,,,0,,,,,,blue
t_travospublic_measure_5m_img.25624108.202505212115,82,,2810280,1,20250521,2115,0,0,,,,,,3,0,,,,,,3,202505212115,40.41445803933193,141.298913,,,0,0,3,0,0,,,,0,,,,,,blue
t_travospublic_measure_5m_img.25624109.202505212115,82,,2810290,1,20250521,2115,2,1,,,,,,0,0,,,,,,3,202505212115,40.718083039532594,141.156692,,,3,0,0,0,0,,,,0,,,,,,blue
t_travospublic_measure_5m_img.25624110.202505212115,82,,2810300,1,20250521,2115,0,0,,,,,,0,0,,,,,,3,202505212115,40.907508039651255,141.061111,,,0,0,0,0,0,,,,0,,,,,,blue
t_travospublic_measure_5m_img.25624111.202505212115,82,,2810310,1,20250521,2115,0,0,,,,,,0,0,,,,,,3,202505212115,40.8547220396187,140.839178,,,0,0,0,0,0,,,,0,,,,,,blue
t_travospublic_measure_5m_img.25624112.202505212115,82,,2810370,1,20250521,2115,2,0,,,,,,11,0,,,,,,3,202505212115,38.82440303807722,139.8377,,,2,0,11,0,0,,,,0,,,,,,blue
t_travospublic_measure_5m_img.25624113.202505212115,82,,2810390,1,20250521,2115,,,,,,,,,,,,,,,3,202505212115,39.06557303828897,139.881432,,,,,,,1,,,,0,,,,,,blue
t_travospublic_measure_5m_img.25624114.202505212115,82,,2810400,1,20250521,2115,0,0,,,,,,0,0,,,,,,3,202505212115,39.26847903846129,139.923131,,,0,0,0,0,0,,,,0,,,,,,blue
t_travospublic_measure_5m_img.25624115.202505212115,82,,2810430,1,20250521,2115,1,0,,,,,,3,0,,,,,,3,202505212115,39.976642039020206,140.07770900000003,,,1,0,3,0,0,,,,0,,,,,,blue
t_travospublic_measure_5m_img.25624116.202505212115,82,,2810450,1,20250521,2115,,,,,,,,,,,,,,,3,202505212115,40.278639039238044,140.449111,,,,,,,1,,,,0,,,,,,blue
t_travospublic_measure_5m_img.25624117.202505212115,82,,2810460,1,20250521,2115,5,2,,,,,,6,1,,,,,,3,202505212115,40.275306039235716,140.516861,,,7,0,7,0,0,,,,0,,,,,,blue
t_travospublic_measure_5m_img.25624118.202505212115,82,,2810470,1,20250521,2115,0,0,,,,,,2,0,,,,,,3,202505212115,40.317917039265446,140.578139,,,0,0,2,0,0,,,,0,,,,,,blue
t_travospublic_measure_5m_img.25624119.202505212115,82,,2810480,1,20250521,2115,11,1,,,,,,14,1,,,,,,3,202505212115,40.577502039441285,140.518889,,,12,0,15,0,0,,,,0,,,,,,blue
t_travospublic_measure_5m_img.25624120.202505212115,82,,2810490,1,20250521,2115,16,1,,,,,,6,0,,,,,,3,202505212115,40.711137039528154,140.580013,,,17,0,6,0,0,,,,0,,,,,,blue
t_travospublic_measure_5m_img.25624121.202505212115,82,,2810510,1,20250521,2115,2,0,,,,,,8,2,,,,,,3,202505212115,37.931619037229716,140.126356,,,2,0,10,0,0,,,,0,,,,,,blue
t_travospublic_measure_5m_img.25624122.202505212115,82,,2810520,1,20250521,2115,1,2,,,,,,1,0,,,,,,3,202505212115,38.05191103734962,140.17323,,,3,0,1,0,0,,,,0,,,,,,blue
t_travospublic_measure_5m_img.25624123.202505212115,82,,2810530,1,20250521,2115,0,0,,,,,,0,0,,,,,,3,202505212115,38.207931037502526,140.318236,,,0,0,0,0,0,,,,0,,,,,,blue
t_travospublic_measure_5m_img.25624124.202505212115,82,,2810540,1,20250521,2115,,,,,,,,,,,,,,,3,202505212115,38.69290503795864,140.319386,,,,,,,1,,,,0,,,,,,blue
t_travospublic_measure_5m_img.25624125.202505212115,82,,2810550,1,20250521,2115,,,,,,,,,,,,,,,3,202505212115,38.84374903809449,140.331102,,,,,,,1,,,,0,,,,,,blue
t_travospublic_measure_5m_img.25624126.202505212115,82,,2810570,1,20250521,2115,,,,,,,,,,,,,,,3,202505212115,38.989511038222986,140.362649,,,,,,,1,,,,0,,,,,,blue
t_travospublic_measure_5m_img.25624127.202505212115,82,,2810580,1,20250521,2115,11,0,,,,,,1,2,,,,,,3,202505212115,39.260555038454655,140.543611,,,11,0,3,0,0,,,,0,,,,,,blue
t_travospublic_measure_5m_img.25624128.202505212115,82,,2810590,1,20250521,2115,3,5,,,,,,6,0,,,,,,3,202505212115,39.44138803860391,140.505,,,8,0,6,0,0,,,,0,,,,,,blue
t_travospublic_measure_5m_img.25624129.202505212115,82,,2810600,1,20250521,2115,4,0,,,,,,0,0,,,,,,3,202505212115,39.51138803866052,140.380833,,,4,0,0,0,0,,,,0,,,,,,blue
t_travospublic_measure_5m_img.25624130.202505212115,82,,2810610,1,20250521,2115,15,1,,,,,,1,0,,,,,,3,202505212115,39.63750003876089,140.300833,,,16,0,1,0,0,,,,0,,,,,,blue
t_travospublic_measure_5m_img.25624131.202505212115,82,,2810620,1,20250521,2115,21,2,,,,,,7,7,,,,,,3,202505212115,39.67388903878944,140.152222,,,23,0,14,0,0,,,,0,,,,,,blue
t_travospublic_measure_5m_img.25624132.202505212115,82,,2810630,1,20250521,2115,47,3,,,,,,29,11,,,,,,3,202505212115,39.69425003880535,140.122194,,,50,0,40,0,0,,,,0,,,,,,blue
t_travospublic_measure_5m_img.25624133.202505212115,82,,2810640,1,20250521,2115,0,0,,,,,,7,0,,,,,,3,202505212115,38.42574103771099,140.376255,,,0,0,7,0,0,,,,0,,,,,,blue
t_travospublic_measure_5m_img.25624134.202505212115,82,,2810960,1,20250521,2115,2,0,,,,,,0,0,,,,,,3,202505212115,40.26398203922775,141.40187,,,2,0,0,0,0,,,,0,,,,,,blue
t_travospublic_measure_5m_img.25624135.202505212115,82,,2810970,1,20250521,2115,1,0,,,,,,1,0,,,,,,3,202505212115,40.4453010393529,141.638612,,,1,0,1,0,0,,,,0,,,,,,blue
t_travospublic_measure_5m_img.25624136.202505212115,82,,2810980,1,20250521,2115,49,3,,,,,,32,2,,,,,,3,202505212115,40.30396403925574,141.3059,,,52,0,34,0,0,,,,0,,,,,,blue
t_travospublic_measure_5m_img.25624137.202505212115,82,,2810990,1,20250521,2115,3,0,,,,,,0,0,,,,,,3,202505212115,40.60361303945845,141.404748,,,3,0,0,0,0,,,,0,,,,,,blue
t_travospublic_measure_5m_img.25624138.202505212115,82,,2811030,1,20250521,2115,0,0,,,,,,0,0,,,,,,3,202505212115,39.608922038738314,140.57135,,,0,0,0,0,0,,,,0,,,,,,blue
t_travospublic_measure_5m_img.25624139.202505212115,82,,2811080,1,20250521,2115,1,1,,,,,,0,0,,,,,,3,202505212115,38.73957803800097,140.241932,,,2,0,0,0,0,,,,0,,,,,,blue
t_travospublic_measure_5m_img.25624140.202505212115,82,,2811090,1,20250521,2115,9,2,,,,,,9,5,,,,,,3,202505212115,38.73790803799946,140.135331,,,11,0,14,0,0,,,,0,,,,,,blue
t_travospublic_measure_5m_img.25624141.202505212115,82,,2811100,1,20250521,2115,,,,,,,,,,,,,,,3,202505212115,38.79085003804716,139.993766,,,,,,,1,,,,0,,,,,,blue
t_travospublic_measure_5m_img.25624142.202505212115,82,,2811180,1,20250521,2115,0,0,,,,,,0,0,,,,,,3,202505212115,38.49628003777725,139.970303,,,0,0,0,0,0,,,,0,,,,,,blue
t_travospublic_measure_5m_img.25624143.202505212115,83,,3810010,1,20250521,2115,,,,,,,,,,,,,,,3,202505212115,35.23222203411103,139.112514,,,,,,,1,0,0,0,0,0,0,0,0,0,blue
t_travospublic_measure_5m_img.25624144.202505212115,83,,3810040,1,20250521,2115,,,,,,,,,,,,,,,3,202505212115,35.26450803415279,139.182925,,,,,,,1,0,0,0,0,0,0,0,0,0,blue
t_travospublic_measure_5m_img.25624145.202505212115,83,,3810060,1,20250521,2115,40,5,,,,,,59,3,,,,,,3,202505212115,35.725261072361086,139.78833095668,,,45,0,62,0,0,0,0,0,0,0,0,0,0,0,blue
t_travospublic_measure_5m_img.25624146.202505212115,83,,3810070,1,20250521,2115,63,7,,,,,,31,3,,,,,,3,202505212115,35.735055772282294,139.795343463609,,,70,0,34,0,0,0,0,0,0,0,0,0,0,0,blue
t_travospublic_measure_5m_img.25624147.202505212115,83,,3810080,1,20250521,2115,0,0,,,,,,63,4,,,,,,3,202505212115,35.73896290498206,139.797270681572,,,0,0,67,0,0,0,0,0,0,0,0,0,0,0,blue
t_travospublic_measure_5m_img.25624148.202505212115,83,,3810100,1,20250521,2115,16,0,,,,,,10,0,,,,,,3,202505212115,36.53972203571964,139.883611,,,16,0,10,0,0,0,0,0,0,0,0,0,0,0,blue
t_travospublic_measure_5m_img.25624149.202505212115,83,,3810110,1,20250521,2115,25,8,,,,,,22,3,,,,,,3,202505212115,36.91694403615054,139.999722,,,33,0,25,0,0,0,0,0,0,0,0,0,0,0,blue
t_travospublic_measure_5m_img.25624150.202505212115,83,,3810140,1,20250521,2115,23,17,,,,,,14,6,,,,,,3,202505212115,35.9900520350645,139.793529,,,40,0,20,0,0,0,0,0,0,0,0,0,0,0,blue
t_travospublic_measure_5m_img.25624151.202505212115,83,,3810151,1,20250521,2115,1,10,,,,,,23,10,,,,,,3,202505212115,36.07984803517367,139.770041,,,11,0,33,0,0,0,0,0,0,0,0,0,0,0,blue
t_travospublic_measure_5m_img.25624152.202505212115,83,,3810160,1,20250521,2115,1,1,,,,,,23,7,,,,,,3,202505212115,36.167500035279446,139.779444,,,2,0,30,0,0,0,0,0,0,0,0,0,0,0,blue
t_travospublic_measure_5m_img.25624153.202505212115,83,,3810180,1,20250521,2115,9,7,,,,,,18,11,,,,,,3,202505212115,36.296506035433666,139.841547,,,16,0,29,0,0,0,0,0,0,0,0,0,0,0,blue
t_travospublic_measure_5m_img.25624154.202505212115,83,,3810200,1,20250521,2115,20,8,,,,,,25,5,,,,,,3,202505212115,36.57174703575683,139.941692,,,28,0,30,0,0,0,0,0,0,0,0,0,0,0,blue
t_travospublic_measure_5m_img.25624155.202505212115,83,,3810210,1,20250521,2115,79,1,,,,,,0,0,,,,,,3,202505212115,35.694558518577544,139.78420024258003,,,80,0,0,0,0,0,0,0,0,0,0,0,0,0,blue
t_travospublic_measure_5m_img.25624156.202505212115,83,,3810220,1,20250521,2115,,,,,,,,,,,,,,,3,202505212115,35.73416286894769,139.831977693081,,,,,,,1,0,0,0,0,0,0,0,0,0,blue
t_travospublic_measure_5m_img.25624157.202505212115,83,,3810260,1,20250521,2115,59,3,,,,,,36,3,,,,,,3,202505212115,35.83796603487771,139.939917,,,62,0,39,0,0,0,0,0,0,0,0,0,0,0,blue
t_travospublic_measure_5m_img.25624158.202505212115,83,,3810280,1,20250521,2115,39,8,,,,,,47,1,,,,,,3,202505212115,35.895306034948405,140.059167,,,47,0,48,0,0,0,0,0,0,0,0,0,0,0,blue
t_travospublic_measure_5m_img.25624159.202505212115,83,,3810290,1,20250521,2115,1,0,,,,,,0,0,,,,,,3,202505212115,36.06811403515946,140.179269,,,1,0,0,0,0,0,0,0,0,0,0,0,0,0,blue
t_travospublic_measure_5m_img.25624160.202505212115,83,,3810300,1,20250521,2115,,,,,,,,,,,,,,,3,202505212115,36.078239035171734,140.177747,,,,,,,1,,,,,,,,,,blue
t_travospublic_measure_5m_img.25624161.202505212115,83,,3810320,1,20250521,2115,0,0,,,,,,19,8,,,,,,3,202505212115,36.378875035531216,140.500661,,,0,0,27,0,0,0,0,0,0,0,0,0,0,0,blue
t_travospublic_measure_5m_img.25624162.202505212115,83,,3810330,1,20250521,2115,0,0,,,,,,20,1,,,,,,3,202505212115,36.655972035854084,140.701006,,,0,0,21,0,0,0,0,0,0,0,0,0,0,0,blue
t_travospublic_measure_5m_img.25624163.202505212115,83,,3810340,1,20250521,2115,13,3,,,,,,0,0,,,,,,3,202505212115,36.794736036012644,140.752922,,,16,0,0,0,0,0,0,0,0,0,0,0,0,0,blue
t_travospublic_measure_5m_img.25624164.202505212115,83,,3810350,1,20250521,2115,14,1,,,,,,19,3,,,,,,3,202505212115,35.92645303498668,140.111775,,,15,0,22,0,0,0,0,0,0,0,0,0,0,0,blue
t_travospublic_measure_5m_img.25624165.202505212115,83,,3810360,1,20250521,2115,51,3,,,,,,56,4,,,,,,3,202505212115,35.694040942069805,139.789910543304,,,54,0,60,0,0,0,0,0,0,0,0,0,0,0,blue
t_travospublic_measure_5m_img.25624166.202505212115,83,,3810370,1,20250521,2115,,,,,,,,,,,,,,,3,202505212115,35.702867388707524,139.866257828687,,,,,,,1,0,0,0,0,0,0,0,0,0,blue
t_travospublic_measure_5m_img.25624167.202505212115,83,,3810380,1,20250521,2115,67,5,,,,,,64,3,,,,,,3,202505212115,35.628891034617155,140.088076,,,72,0,67,0,0,0,0,0,0,0,0,0,0,0,blue
t_travospublic_measure_5m_img.25624168.202505212115,83,,3810390,1,20250521,2115,25,5,,,,,,38,1,,,,,,3,202505212115,35.62349099143046,139.737976826575,,,30,0,39,0,0,0,0,0,0,0,0,0,0,0,blue
t_travospublic_measure_5m_img.25624169.202505212115,83,,3810400,1,20250521,2115,22,1,,,,,,9,0,,,,,,3,202505212115,35.263900034152,139.698397,,,23,0,9,0,0,0,0,0,0,0,0,0,0,0,blue
t_travospublic_measure_5m_img.25624170.202505212115,83,,3810410,1,20250521,2115,17,0,,,,,,17,0,,,,,,3,202505212115,35.62304903460981,139.340292,,,17,0,17,0,0,0,0,0,0,0,0,0,0,0,blue
t_travospublic_measure_5m_img.25624171.202505212115,83,,3810420,1,20250521,2115,32,2,,,,,,29,0,,,,,,3,202505212115,35.67571003467587,139.331954,,,34,0,29,0,0,0,0,0,0,0,0,0,0,0,blue
t_travospublic_measure_5m_img.25624172.202505212115,83,,3810431,1,20250521,2115,22,8,,,,,,24,13,,,,,,3,202505212115,35.77594403480087,139.336731,,,30,0,37,0,0,0,0,0,0,0,0,0,0,0,blue
t_travospublic_measure_5m_img.25624173.202505212115,83,,3810440,1,20250521,2115,2,4,,,,,,22,3,,,,,,3,202505212115,35.82933103486704,139.380426,,,6,0,25,0,0,0,0,0,0,0,0,0,0,0,blue
t_travospublic_measure_5m_img.25624174.202505212115,83,,3810460,1,20250521,2115,,,,,,,,,,,,,,,3,202505212115,35.91289603497003,139.534764,,,,,,,1,,,,,,,,,,blue
t_travospublic_measure_5m_img.25624175.202505212115,83,,3810470,1,20250521,2115,,,,,,,,15,3,,,,,,3,202505212115,35.92749603498795,139.591065,,,,,18,0,0,0,0,0,0,0,0,0,0,0,blue
t_travospublic_measure_5m_img.25624176.202505212115,83,,3810490,1,20250521,2115,,,,,,,,,,,,,,,3,202505212115,35.992460035067445,139.820467,,,,,,,0,0,0,0,0,1,0,0,0,0,blue
t_travospublic_measure_5m_img.25624177.202505212115,83,,3810500,1,20250521,2115,33,6,,,,,,24,1,,,,,,3,202505212115,35.79376864024429,139.685717006056,,,39,0,25,0,0,0,0,0,0,0,0,0,0,0,blue
t_travospublic_measure_5m_img.25624178.202505212115,83,,3810510,1,20250521,2115,10,0,,,,,,14,1,,,,,,3,202505212115,35.8210620348568,139.680963,,,10,0,15,0,0,0,0,0,0,0,0,0,0,0,blue
t_travospublic_measure_5m_img.25624179.202505212115,83,,3810520,1,20250521,2115,49,4,,,,,,33,3,,,,,,3,202505212115,35.97632603504774,139.594106,,,53,0,36,0,0,0,0,0,0,0,0,0,0,0,blue
t_travospublic_measure_5m_img.25624180.202505212115,83,,3810540,1,20250521,2115,22,5,,,,,,17,0,,,,,,3,202505212115,36.230692035355204,139.2134,,,27,0,17,0,0,0,0,0,0,0,0,0,0,0,blue
t_travospublic_measure_5m_img.25624181.202505212115,83,,3810560,1,20250521,2115,,,,,,,,,,,,,,,3,202505212115,36.31113903545105,139.02725,,,,,,,1,0,0,0,0,0,0,0,0,0,blue
t_travospublic_measure_5m_img.25624182.202505212115,83,,3810600,1,20250521,2115,5,0,,,,,,0,0,,,,,,3,202505212115,36.68205603588405,138.968889,,,5,0,0,0,0,0,0,0,0,0,0,0,0,0,blue
t_travospublic_measure_5m_img.25624183.202505212115,83,,3810610,1,20250521,2115,54,15,,,,,,,,,,,,,3,202505212115,35.84803703489016,139.625615,,,69,0,,,0,0,0,0,0,0,0,0,0,0,blue
t_travospublic_measure_5m_img.25624184.202505212115,83,,3810620,1,20250521,2115,,,,,,,,37,5,,,,,,3,202505212115,35.84444303488572,139.626759,,,,,42,0,0,0,0,0,0,0,0,0,0,0,blue
t_travospublic_measure_5m_img.25624185.202505212115,83,,3810670,1,20250521,2115,25,6,,,,,,22,7,,,,,,3,202505212115,36.35330303550101,139.215067,,,31,0,29,0,0,0,0,0,0,0,0,0,0,0,blue
t_travospublic_measure_5m_img.25624186.202505212115,83,,3810680,1,20250521,2115,,,,,,,,,,,,,,,3,202505212115,36.37355603552494,139.151425,,,,,,,1,,,,,,,,,,blue
t_travospublic_measure_5m_img.25624187.202505212115,83,,3810700,1,20250521,2115,14,4,,,,,,24,3,,,,,,3,202505212115,36.33143303547511,138.895742,,,18,0,27,0,0,0,0,0,0,0,0,0,0,0,blue
t_travospublic_measure_5m_img.25624188.202505212115,83,,3810710,1,20250521,2115,16,3,,,,,,21,0,,,,,,3,202505212115,36.33250003547639,138.5235,,,19,0,21,0,0,0,0,0,0,0,0,0,0,0,blue
t_travospublic_measure_5m_img.25624189.202505212115,83,,3810720,1,20250521,2115,18,2,,,,,,22,1,,,,,,3,202505212115,36.49438903566681,138.150722,,,20,0,23,0,0,0,0,0,0,0,0,0,0,0,blue
t_travospublic_measure_5m_img.25624190.202505212115,83,,3810740,1,20250521,2115,36,4,,,,,,36,2,,,,,,3,202505212115,36.65492503585288,138.23375,,,40,0,38,0,0,0,0,0,0,0,0,0,0,0,blue
t_travospublic_measure_5m_img.25624191.202505212115,83,,3810750,1,20250521,2115,20,1,,,,,,28,2,,,,,,3,202505212115,36.695139035899054,138.26925,,,21,0,30,0,0,0,0,0,0,0,0,0,0,0,blue
t_travospublic_measure_5m_img.25624192.202505212115,83,,3810760,1,20250521,2115,7,2,,,,,,18,0,,,,,,3,202505212115,36.717694035924886,138.298306,,,9,0,18,0,0,0,0,0,0,0,0,0,0,0,blue
t_travospublic_measure_5m_img.25624193.202505212115,83,,3810770,1,20250521,2115,3,0,,,,,,3,2,,,,,,3,202505212115,36.75032203596213,138.212264,,,3,0,5,0,0,0,0,0,0,0,0,0,0,0,blue
t_travospublic_measure_5m_img.25624194.202505212115,83,,3810780,1,20250521,2115,5,0,,,,,,3,1,,,,,,3,202505212115,36.792972036010646,138.219778,,,5,0,4,0,0,0,0,0,0,0,0,0,0,0,blue
t_travospublic_measure_5m_img.25624195.202505212115,83,,3810790,1,20250521,2115,21,0,,,,,,10,1,,,,,,3,202505212115,36.406417035563685,138.204417,,,21,0,11,0,0,0,0,0,0,0,0,0,0,0,blue
t_travospublic_measure_5m_img.25624196.202505212115,83,,3810800,1,20250521,2115,0,0,,,,,,0,0,,,,,,3,202505212115,36.82044403604179,138.192306,,,0,0,0,0,0,0,0,0,0,0,0,0,0,0,blue
t_travospublic_measure_5m_img.25624197.202505212115,83,,3810810,1,20250521,2115,0,0,,,,,,0,0,,,,,,3,202505212115,36.8368890360604,138.205542,,,0,0,0,0,0,0,0,0,0,0,0,0,0,0,blue
t_travospublic_measure_5m_img.25624198.202505212115,83,,3810820,1,20250521,2115,0,0,,,,,,1,1,,,,,,3,202505212115,36.513833035689494,138.094389,,,0,0,2,0,0,0,0,0,0,0,0,0,0,0,blue
t_travospublic_measure_5m_img.25624199.202505212115,83,,3810821,1,20250521,2115,6,0,,,,,,1,0,,,,,,3,202505212115,36.52786103570584,138.096722,,,6,0,1,0,0,0,0,0,0,0,0,0,0,0,blue
t_travospublic_measure_5m_img.25624200.202505212115,83,,3810830,1,20250521,2115,23,4,,,,,,5,0,,,,,,3,202505212115,36.23586103536139,137.9565,,,27,0,5,0,0,0,0,0,0,0,0,0,0,0,blue
t_travospublic_measure_5m_img.25624201.202505212115,83,,3810840,1,20250521,2115,2,1,,,,,,4,1,,,,,,3,202505212115,36.38313903553625,137.925722,,,3,0,5,0,0,0,0,0,0,0,0,0,0,0,blue
t_travospublic_measure_5m_img.25624202.202505212115,83,,3810850,1,20250521,2115,1,0,,,,,,2,1,,,,,,3,202505212115,36.4623860356294,137.946275,,,1,0,3,0,0,0,0,0,0,0,0,0,0,0,blue
t_travospublic_measure_5m_img.25624203.202505212115,83,,3810860,1,20250521,2115,10,0,,,,,,4,0,,,,,,3,202505212115,36.5884720357762,138.050889,,,10,0,4,0,0,0,0,0,0,0,0,0,0,0,blue
t_travospublic_measure_5m_img.25624204.202505212115,83,,3810870,1,20250521,2115,16,0,,,,,,18,0,,,,,,3,202505212115,36.61469403580651,138.085167,,,16,0,18,0,0,0,0,0,0,0,0,0,0,0,blue
t_travospublic_measure_5m_img.25624205.202505212115,83,,3810880,1,20250521,2115,0,0,,,,,,0,0,,,,,,3,202505212115,36.615111035807,138.086528,,,0,0,0,0,0,0,0,0,0,0,0,0,0,0,blue
t_travospublic_measure_5m_img.25624206.202505212115,83,,3810900,1,20250521,2115,8,0,,,,,,4,0,,,,,,3,202505212115,36.62808303582196,138.153194,,,8,0,4,0,0,0,0,0,0,0,0,0,0,0,blue
t_travospublic_measure_5m_img.25624207.202505212115,83,,3810910,1,20250521,2115,36,0,,,,,,32,0,,,,,,3,202505212115,36.64626403584291,138.18197200000003,,,36,0,32,0,0,0,0,0,0,0,0,0,0,0,blue
t_travospublic_measure_5m_img.25624208.202505212115,83,,3810920,1,20250521,2115,,,,,,,,,,,,,,,3,202505212115,36.648972035846036,138.193972,,,,,,,1,,,,,,,,,,blue
t_travospublic_measure_5m_img.25624209.202505212115,83,,3810930,1,20250521,2115,10,1,,,,,,2,1,,,,,,3,202505212115,36.616944035809105,138.133611,,,11,0,3,0,0,0,0,0,0,0,0,0,0,0,blue
t_travospublic_measure_5m_img.25624210.202505212115,83,,3810960,1,20250521,2115,,,,,,,,,,,,,,,3,202505212115,35.670246331649835,139.627355578637,,,,,,,1,0,0,0,0,0,0,0,0,0,blue
t_travospublic_measure_5m_img.25624211.202505212115,83,,3810970,1,20250521,2115,2,0,,,,,,1,0,,,,,,3,202505212115,35.61726703460252,139.240054,,,2,0,1,0,0,0,0,0,0,0,0,0,0,0,blue
t_travospublic_measure_5m_img.25624212.202505212115,83,,3810980,1,20250521,2115,3,0,,,,,,4,0,,,,,,3,202505212115,35.62000003460596,139.1275,,,3,0,4,0,0,0,0,0,0,0,0,0,0,0,blue
t_travospublic_measure_5m_img.25624213.202505212115,83,,3811000,1,20250521,2115,5,0,,,,,,2,1,,,,,,3,202505212115,35.604222034586115,138.92594400000002,,,5,0,3,0,0,0,0,0,0,0,0,0,0,0,blue
t_travospublic_measure_5m_img.25624214.202505212115,83,,3811030,1,20250521,2115,29,1,,,,,,26,3,,,,,,3,202505212115,35.643889034635976,138.636389,,,30,0,29,0,0,0,0,0,0,0,0,0,0,0,blue
t_travospublic_measure_5m_img.25624215.202505212115,83,,3811050,1,20250521,2115,4,1,,,,,,6,1,,,,,,3,202505212115,35.91541703497313,138.227361,,,5,0,7,0,0,0,0,0,0,0,0,0,0,0,blue
t_travospublic_measure_5m_img.25624216.202505212115,83,,3811060,1,20250521,2115,,,,,,,,,,,,,,,3,202505212115,35.94028603500364,138.197875,,,,,,,1,0,0,0,0,0,0,0,0,0,blue
t_travospublic_measure_5m_img.25624217.202505212115,83,,3811070,1,20250521,2115,17,0,,,,,,19,1,,,,,,3,202505212115,36.029750035112876,138.1255,,,17,0,20,0,0,0,0,0,0,0,0,0,0,0,blue
t_travospublic_measure_5m_img.25624218.202505212115,83,,3811080,1,20250521,2115,14,2,,,,,,21,3,,,,,,3,202505212115,36.077694035171085,138.037889,,,16,0,24,0,0,0,0,0,0,0,0,0,0,0,blue
t_travospublic_measure_5m_img.25624219.202505212115,83,,3811090,1,20250521,2115,0,0,,,,,,1,1,,,,,,3,202505212115,36.12191703522454,137.959472,,,0,0,2,0,0,0,0,0,0,0,0,0,0,0,blue
t_travospublic_measure_5m_img.25624220.202505212115,83,,3811100,1,20250521,2115,1,0,,,,,,0,0,,,,,,3,202505212115,35.9769440350485,138.163333,,,1,0,0,0,0,0,0,0,0,0,0,0,0,0,blue
t_travospublic_measure_5m_img.25624221.202505212115,83,,3811110,1,20250521,2115,3,5,,,,,,5,5,,,,,,3,202505212115,36.08683303518214,138.06408300000004,,,8,0,10,0,0,0,0,0,0,0,0,0,0,0,blue
t_travospublic_measure_5m_img.25624222.202505212115,83,,3811121,1,20250521,2115,,,,,,,,6,0,,,,,,3,202505212115,35.63168503462065,139.28402,,,,,6,0,0,0,0,0,0,0,0,0,0,0,blue
t_travospublic_measure_5m_img.25624223.202505212115,83,,3811130,1,20250521,2115,13,0,,,,,,5,0,,,,,,3,202505212115,35.99511103507067,138.139278,,,13,0,5,0,0,0,0,0,0,0,0,0,0,0,blue
t_travospublic_measure_5m_img.25624224.202505212115,83,,3811190,1,20250521,2115,25,2,,,,,,8,1,,,,,,3,202505212115,36.38173603553459,140.325428,,,27,0,9,0,0,0,0,0,0,0,0,0,0,0,blue
t_travospublic_measure_5m_img.25624225.202505212115,83,,3811220,1,20250521,2115,9,2,,,,,,7,0,,,,,,3,202505212115,35.959128035026716,140.602286,,,11,0,7,0,0,0,0,0,0,0,0,0,0,0,blue
t_travospublic_measure_5m_img.25624226.202505212115,83,,3811230,1,20250521,2115,1,0,,,,,,1,3,,,,,,3,202505212115,35.95769703502496,140.602514,,,1,0,4,0,0,0,0,0,0,0,0,0,0,0,blue
t_travospublic_measure_5m_img.25624227.202505212115,83,,3811240,1,20250521,2115,11,1,,,,,,7,0,,,,,,3,202505212115,35.200928034070465,138.520986,,,12,0,7,0,0,0,0,0,0,0,0,0,0,0,blue
t_travospublic_measure_5m_img.25624228.202505212115,83,,3811250,1,20250521,2115,0,0,,,,,,0,0,,,,,,3,202505212115,35.31250003421467,138.442011,,,0,0,0,0,0,0,0,0,0,0,0,0,0,0,blue
t_travospublic_measure_5m_img.25624229.202505212115,83,,3811270,1,20250521,2115,4,0,,,,,,6,2,,,,,,3,202505212115,35.5316670344945,138.450278,,,4,0,8,0,0,0,0,0,0,0,0,0,0,0,blue
t_travospublic_measure_5m_img.25624230.202505212115,83,,3811290,1,20250521,2115,8,0,,,,,,6,0,,,,,,3,202505212115,35.041444033862305,139.833306,,,8,0,6,0,0,0,0,0,0,0,0,0,0,0,blue
t_travospublic_measure_5m_img.25624231.202505212115,83,,3811300,1,20250521,2115,4,0,,,,,,5,0,,,,,,3,202505212115,35.157361034013846,139.819,,,4,0,5,0,0,0,0,0,0,0,0,0,0,0,blue
t_travospublic_measure_5m_img.25624232.202505212115,83,,3811330,1,20250521,2115,21,0,,,,,,12,0,,,,,,3,202505212115,35.53888903450364,138.885556,,,21,0,12,0,0,0,0,0,0,0,0,0,0,0,blue
t_travospublic_measure_5m_img.25624233.202505212115,83,,3811340,1,20250521,2115,12,1,,,,,,12,0,,,,,,3,202505212115,35.60305603458465,138.940833,,,13,0,12,0,0,0,0,0,0,0,0,0,0,0,blue
t_travospublic_measure_5m_img.25624234.202505212115,83,,3811360,1,20250521,2115,73,16,,,,,,46,9,,,,,,3,202505212115,35.48552503443597,139.460986,,,89,0,55,0,0,0,0,0,0,0,0,0,0,0,blue
t_travospublic_measure_5m_img.25624235.202505212115,83,,3811370,1,20250521,2115,,,,,,,,,,,,,,,3,202505212115,35.35857503427389,139.075042,,,,,,,1,0,0,0,0,0,0,0,0,0,blue
t_travospublic_measure_5m_img.25624236.202505212115,83,,3811390,1,20250521,2115,98,24,,,,,,,,,,,,,3,202505212115,35.64686740024182,139.854860316246,,,122,0,,,0,0,0,0,0,0,0,0,0,0,blue
t_travospublic_measure_5m_img.25624237.202505212115,83,,3811400,1,20250521,2115,,,,,,,,,,,,,,,3,202505212115,35.64717212036359,139.836463807018,,,,,,,1,0,0,0,0,0,0,0,0,0,blue
t_travospublic_measure_5m_img.25624238.202505212115,83,,3811401,1,20250521,2115,1,0,,,,,,,,,,,,,3,202505212115,35.64792275306184,139.837391468126,,,1,0,,,0,0,0,0,0,0,0,0,0,0,blue
t_travospublic_measure_5m_img.25624239.202505212115,83,,3811410,1,20250521,2115,64,20,,,,,,,,,,,,,3,202505212115,35.6321085640565,139.785108560174,,,84,0,,,0,0,0,0,0,0,0,0,0,0,blue
t_travospublic_measure_5m_img.25624240.202505212115,83,,3811411,1,20250521,2115,,,,,,,,54,23,,,,,,3,202505212115,35.63193106766495,139.786372369256,,,,,77,0,0,0,0,0,0,0,0,0,0,0,blue
t_travospublic_measure_5m_img.25624241.202505212115,83,,3811420,1,20250521,2115,,,,,,,,,,,,,,,3,202505212115,35.57873713134419,139.756665501316,,,,,,,1,0,0,0,0,0,0,0,0,0,blue
t_travospublic_measure_5m_img.25624242.202505212115,83,,3811421,1,20250521,2115,,,,,,,,39,10,,,,,,3,202505212115,35.573715682248654,139.759184371525,,,,,49,0,0,0,0,0,0,0,0,0,0,0,blue
t_travospublic_measure_5m_img.25624243.202505212115,83,,3811430,1,20250521,2115,78,3,,,,,,62,1,,,,,,3,202505212115,35.6138270345982,140.103045,,,81,0,63,0,0,0,0,0,0,0,0,0,0,0,blue
t_travospublic_measure_5m_img.25624244.202505212115,83,,3811440,1,20250521,2115,3,0,,,,,,16,2,,,,,,3,202505212115,35.60712645223976,139.747366707275,,,3,0,18,0,0,0,0,0,0,0,0,0,0,0,blue
t_travospublic_measure_5m_img.25624245.202505212115,84,,4810010,1,20250521,2115,43,3,,,,,,33,3,,,,,,3,202505212115,37.9300000372281,139.134722,,,46,0,36,0,0,0,0,0,0,0,0,0,0,0,blue
t_travospublic_measure_5m_img.25624246.202505212115,84,,4810020,1,20250521,2115,54,6,,,,,,24,4,,,,,,3,202505212115,37.95278103725094,139.213611,,,60,0,28,0,0,0,0,0,0,0,0,0,0,0,blue
t_travospublic_measure_5m_img.25624247.202505212115,84,,4810040,1,20250521,2115,19,0,,,,,,20,0,,,,,,3,202505212115,37.96305603726123,139.3275,,,19,0,20,0,0,0,0,0,0,0,0,0,0,0,blue
t_travospublic_measure_5m_img.25624248.202505212115,84,,4810060,1,20250521,2115,7,0,,,,,,6,0,,,,,,3,202505212115,38.2550360375481,139.501792,,,7,0,6,0,0,0,0,0,0,0,0,0,0,0,blue
t_travospublic_measure_5m_img.25624249.202505212115,84,,4810070,1,20250521,2115,0,3,,,,,,0,0,,,,,,3,202505212115,38.28200003757407,139.521444,,,3,0,0,0,0,0,0,0,0,0,0,0,0,0,blue
t_travospublic_measure_5m_img.25624250.202505212115,84,,4810080,1,20250521,2115,1,1,,,,,,3,1,,,,,,3,202505212115,38.374925037662884,139.556342,,,2,0,4,0,0,0,0,0,0,0,0,0,0,0,blue
t_travospublic_measure_5m_img.25624251.202505212115,84,,4810090,1,20250521,2115,32,1,,,,,,3,1,,,,,,3,202505212115,37.5351670368223,138.881569,,,33,0,4,0,0,0,0,0,0,0,0,0,0,0,blue
t_travospublic_measure_5m_img.25624252.202505212115,84,,4810100,1,20250521,2115,8,4,,,,,,41,3,,,,,,3,202505212115,37.473639036757405,138.880583,,,12,0,44,0,0,0,0,0,0,0,0,0,0,0,blue
t_travospublic_measure_5m_img.25624253.202505212115,84,,4810110,1,20250521,2115,30,0,,,,,,20,0,,,,,,3,202505212115,37.459033036741936,138.856414,,,30,0,20,0,0,0,0,0,0,0,0,0,0,0,blue
t_travospublic_measure_5m_img.25624254.202505212115,84,,4810120,1,20250521,2115,13,0,,,,,,25,0,,,,,,3,202505212115,37.462169036745266,138.845592,,,13,0,25,0,0,0,0,0,0,0,0,0,0,0,blue
t_travospublic_measure_5m_img.25624255.202505212115,84,,4810130,1,20250521,2115,23,0,,,,,,22,1,,,,,,3,202505212115,37.44445303672647,138.785889,,,23,0,23,0,0,0,0,0,0,0,0,0,0,0,blue
t_travospublic_measure_5m_img.25624256.202505212115,84,,4810140,1,20250521,2115,1,0,,,,,,0,0,,,,,,3,202505212115,37.44069403672249,138.740364,,,1,0,0,0,0,0,0,0,0,0,0,0,0,0,blue
t_travospublic_measure_5m_img.25624257.202505212115,84,,4810150,1,20250521,2115,0,0,,,,,,0,0,,,,,,3,202505212115,37.41229403669227,138.674192,,,0,0,0,0,0,0,0,0,0,0,0,0,0,0,blue
t_travospublic_measure_5m_img.25624258.202505212115,84,,4810160,1,20250521,2115,13,0,,,,,,1,1,,,,,,3,202505212115,37.23896903650589,138.343486,,,13,0,2,0,0,0,0,0,0,0,0,0,0,0,blue
t_travospublic_measure_5m_img.25624259.202505212115,84,,4810170,1,20250521,2115,18,0,,,,,,2,1,,,,,,3,202505212115,37.18690003644924,138.272953,,,18,0,3,0,0,0,0,0,0,0,0,0,0,0,blue
t_travospublic_measure_5m_img.25624260.202505212115,84,,4810180,1,20250521,2115,29,0,,,,,,26,1,,,,,,3,202505212115,37.17543303643671,138.266805,,,29,0,27,0,0,0,0,0,0,0,0,0,0,0,blue
t_travospublic_measure_5m_img.25624261.202505212115,84,,4810190,1,20250521,2115,22,2,,,,,,31,1,,,,,,3,202505212115,37.1623530364224,138.247561,,,24,0,32,0,0,0,0,0,0,0,0,0,0,0,blue
t_travospublic_measure_5m_img.25624262.202505212115,84,,4810210,1,20250521,2115,7,1,,,,,,1,0,,,,,,3,202505212115,37.08795603634071,137.96033,,,8,0,1,0,0,0,0,0,0,0,0,0,0,0,blue
t_travospublic_measure_5m_img.25624263.202505212115,84,,4810220,1,20250521,2115,6,0,,,,,,4,2,,,,,,3,202505212115,37.057208036306754,137.905455,,,6,0,6,0,0,0,0,0,0,0,0,0,0,0,blue
t_travospublic_measure_5m_img.25624264.202505212115,84,,4810230,1,20250521,2115,0,0,,,,,,2,1,,,,,,3,202505212115,37.050899036299775,137.885459,,,0,0,3,0,0,0,0,0,0,0,0,0,0,0,blue
t_travospublic_measure_5m_img.25624265.202505212115,84,,4810250,1,20250521,2115,4,0,,,,,,0,0,,,,,,3,202505212115,37.05093203629982,137.890368,,,4,0,0,0,0,0,0,0,0,0,0,0,0,0,blue
t_travospublic_measure_5m_img.25624266.202505212115,84,,4810260,1,20250521,2115,10,4,,,,,,12,0,,,,,,3,202505212115,36.9856190362273,138.808078,,,14,0,12,0,0,0,0,0,0,0,0,0,0,0,blue
t_travospublic_measure_5m_img.25624267.202505212115,84,,4810270,1,20250521,2115,0,0,,,,,,0,0,,,,,,3,202505212115,37.24858103651632,138.916575,,,0,0,0,0,0,0,0,0,0,0,0,0,0,0,blue
t_travospublic_measure_5m_img.25624268.202505212115,84,,4810280,1,20250521,2115,1,0,,,,,,3,0,,,,,,3,202505212115,37.17036103643117,138.942139,,,1,0,3,0,0,0,0,0,0,0,0,0,0,0,blue
t_travospublic_measure_5m_img.25624269.202505212115,84,,4810290,1,20250521,2115,2,0,,,,,,0,0,,,,,,3,202505212115,37.07683703632844,138.265595,,,2,0,0,0,0,0,0,0,0,0,0,0,0,0,blue
t_travospublic_measure_5m_img.25624270.202505212115,84,,4810300,1,20250521,2115,0,0,,,,,,0,0,,,,,,3,202505212115,37.66361103695634,139.536806,,,0,0,0,0,0,0,0,0,0,0,0,0,0,0,blue
t_travospublic_measure_5m_img.25624271.202505212115,84,,4810310,1,20250521,2115,24,0,,,,,,17,0,,,,,,3,202505212115,37.84055603713779,139.147778,,,24,0,17,0,0,0,0,0,0,0,0,0,0,0,blue
t_travospublic_measure_5m_img.25624272.202505212115,84,,4810330,1,20250521,2115,102,1,,,,,,133,1,,,,,,3,202505212115,37.8978060371957,139.070722,,,103,0,134,0,0,0,0,0,0,0,0,0,0,0,blue
t_travospublic_measure_5m_img.25624273.202505212115,84,,4810340,1,20250521,2115,0,0,,,,,,0,0,,,,,,3,202505212115,37.563464036852,138.734306,,,0,0,0,0,0,0,0,0,0,0,0,0,0,0,blue
t_travospublic_measure_5m_img.25624274.202505212115,84,,4810350,1,20250521,2115,10,3,,,,,,6,0,,,,,,3,202505212115,37.61757803690852,138.825033,,,13,0,6,0,0,0,0,0,0,0,0,0,0,0,blue
t_travospublic_measure_5m_img.25624275.202505212115,84,,4810360,1,20250521,2115,16,3,,,,,,16,3,,,,,,3,202505212115,37.690358036984,138.885919,,,19,0,19,0,0,0,0,0,0,0,0,0,0,0,blue
t_travospublic_measure_5m_img.25624276.202505212115,84,,4810370,1,20250521,2115,19,2,,,,,,18,1,,,,,,3,202505212115,37.8052690371019,138.92235,,,21,0,19,0,0,0,0,0,0,0,0,0,0,0,blue
t_travospublic_measure_5m_img.25624277.202505212115,84,,4810380,1,20250521,2115,64,2,,,,,,40,0,,,,,,3,202505212115,37.86309703716064,138.981,,,66,0,40,0,0,0,0,0,0,0,0,0,0,0,blue
t_travospublic_measure_5m_img.25624278.202505212115,84,,4810395,1,20250521,2115,8,5,,,,,,6,1,,,,,,3,202505212115,36.691540505894935,136.9116223,,,13,0,7,0,0,,,,0,0,,,0,0,blue
t_travospublic_measure_5m_img.25624279.202505212115,84,,4810406,1,20250521,2115,0,0,,,,,,5,0,,,,,,3,202505212115,36.89660103612769,137.444677,,,0,0,7,2,0,,,,0,0,,,0,0,blue
t_travospublic_measure_5m_img.25624280.202505212115,84,,4810410,1,20250521,2115,16,0,,,,,,26,1,,,,,,3,202505212115,36.816442036037266,137.41630300000003,,,16,0,27,0,0,0,0,0,0,0,0,0,0,0,blue
t_travospublic_measure_5m_img.25624281.202505212115,84,,4810420,1,20250521,2115,,,,,,,,,,,,,,,3,202505212115,36.718606035925916,137.303914,,,,,,,0,0,0,0,0,1,1,0,0,0,blue
t_travospublic_measure_5m_img.25624282.202505212115,84,,4810430,1,20250521,2115,33,1,,,,,,4,0,,,,,,3,202505212115,36.71795303592518,137.279328,,,34,0,4,0,0,0,0,0,0,0,0,0,0,0,blue
t_travospublic_measure_5m_img.25624283.202505212115,84,,4810440,1,20250521,2115,50,3,,,,,,16,0,,,,,,3,202505212115,36.72027203592783,137.263083,,,53,0,16,0,0,0,0,0,0,0,0,0,0,0,blue
t_travospublic_measure_5m_img.25624284.202505212115,84,,4810445,1,20250521,2115,36,4,,,,,,33,2,,,,,,3,202505212115,36.73017862593915,137.18171158,,,40,0,35,0,0,,,,0,0,,,0,0,blue
t_travospublic_measure_5m_img.25624285.202505212115,84,,4810447,1,20250521,2115,22,2,,,,,,26,1,,,,,,3,202505212115,36.72863947593739,137.12486156,,,24,0,27,0,0,,,,0,0,,,0,0,blue
t_travospublic_measure_5m_img.25624286.202505212115,84,,4810454,1,20250521,2115,6,2,,,,,,34,2,,,,,,3,202505212115,36.744673195955684,136.99179584,,,19,11,36,0,0,,,,0,0,,,0,0,blue
t_travospublic_measure_5m_img.25624287.202505212115,84,,4810460,1,20250521,2115,,,,,,,,,,,,,,,3,202505212115,36.68745003589023,136.855675,,,,,,,1,0,0,0,0,0,0,0,0,0,blue
t_travospublic_measure_5m_img.25624288.202505212115,84,,4810462,1,20250521,2115,2,2,,,,,,0,0,,,,,,3,202505212115,36.525710035703334,137.22999,,,4,0,0,0,0,,,,0,0,,,0,0,blue
t_travospublic_measure_5m_img.25624289.202505212115,84,,4810463,1,20250521,2115,4,1,,,,,,1,1,,,,,,3,202505212115,36.53609652571542,137.23114399,,,6,1,2,0,0,,,,0,0,,,0,0,blue
t_travospublic_measure_5m_img.25624290.202505212115,84,,4810470,1,20250521,2115,,,,,,,,,,,,,,,3,202505212115,36.69575603589977,137.237889,,,,,,,1,0,0,0,0,0,0,0,0,0,blue
t_travospublic_measure_5m_img.25624291.202505212115,84,,4810480,1,20250521,2115,10,0,,,,,,5,0,,,,,,3,202505212115,36.580522035767004,136.965706,,,10,0,5,0,0,0,0,0,0,0,0,0,0,0,blue
t_travospublic_measure_5m_img.25624292.202505212115,84,,4810485,1,20250521,2115,11,0,,,,,,13,0,,,,,,3,202505212115,36.68510836918755,136.9765361111,,,11,0,13,0,0,,,,0,0,,,0,0,blue
t_travospublic_measure_5m_img.25624293.202505212115,84,,4810490,1,20250521,2115,,,,,,,,,,,,,,,3,202505212115,36.74530803595641,137.01085,,,,,,,0,0,0,0,0,1,1,0,0,0,blue
t_travospublic_measure_5m_img.25624294.202505212115,84,,4810500,1,20250521,2115,1,0,,,,,,1,0,,,,,,3,202505212115,36.91246103614551,137.019489,,,1,0,1,0,0,0,0,0,0,0,0,0,0,0,blue
t_travospublic_measure_5m_img.25624295.202505212115,84,,4810510,1,20250521,2115,,,,,,,,,,,,,,,3,202505212115,36.84943603607457,136.97895,,,,,,,1,,,,,,,,,,blue
t_travospublic_measure_5m_img.25624296.202505212115,84,,4810530,1,20250521,2115,14,3,,,,,,37,4,,,,,,3,202505212115,36.44611103561032,136.488056,,,17,0,41,0,0,0,0,0,0,0,0,0,0,0,blue
t_travospublic_measure_5m_img.25624297.202505212115,84,,4810540,1,20250521,2115,,,,,,,,,,,,,,,3,202505212115,36.357575035506066,136.452056,,,,,,,1,,,,,,,,,,blue
t_travospublic_measure_5m_img.25624298.202505212115,84,,4810550,1,20250521,2115,,,,,,,,,,,,,,,3,202505212115,36.32672203546954,136.41169500000004,,,,,,,1,0,0,0,0,0,0,0,0,0,blue
t_travospublic_measure_5m_img.25624299.202505212115,84,,4810570,1,20250521,2115,38,2,,,,,,35,2,,,,,,3,202505212115,36.571667035756725,136.655556,,,40,0,37,0,0,0,0,0,0,0,0,0,0,0,blue
t_travospublic_measure_5m_img.25624300.202505212115,84,,4810580,1,20250521,2115,31,0,,,,,,20,0,,,,,,3,202505212115,36.54430803572498,136.640516,,,31,0,20,0,0,0,0,0,0,0,0,0,0,0,blue
t_travospublic_measure_5m_img.25624301.202505212115,84,,4810590,1,20250521,2115,61,0,,,,,,61,0,,,,,,3,202505212115,36.54061903572069,136.623128,,,61,0,61,0,0,0,0,0,0,0,0,0,0,0,blue
t_travospublic_measure_5m_img.25624302.202505212115,84,,4810600,1,20250521,2115,,,,,,,,,,,,,,,3,202505212115,37.04041903628817,136.969305,,,,,,,1,0,0,0,0,0,0,0,0,0,blue
t_travospublic_measure_5m_img.25624303.202505212115,84,,4810610,1,20250521,2115,0,0,,,,,,8,1,,,,,,3,202505212115,36.90469303613679,136.830093,,,0,0,9,0,0,0,0,0,0,0,0,0,0,0,blue
t_travospublic_measure_5m_img.25624304.202505212115,84,,4810620,1,20250521,2115,1,0,,,,,,3,0,,,,,,3,202505212115,36.86972803609746,136.79694700000002,,,1,0,3,0,0,0,0,0,0,0,0,0,0,0,blue
t_travospublic_measure_5m_img.25624305.202505212115,84,,4810630,1,20250521,2115,34,0,,,,,,24,0,,,,,,3,202505212115,36.560782035744104,136.677711,,,34,0,24,0,0,0,0,0,0,0,0,0,0,0,blue
t_travospublic_measure_5m_img.25624306.202505212115,85,22,5810040,1,20250521,2115,72,9,,,,,,88,5,,,,,,3,202505212115,35.00879903381941,138.422745,,,81,,93,,0,,0,,0,0,0,0,,0,blue
t_travospublic_measure_5m_img.25624307.202505212115,85,22,5810060,1,20250521,2115,0,0,,,,,,0,0,,,,,,3,202505212115,34.90554603368308,138.270337,,,0,,0,,0,,0,,0,0,0,0,,0,blue
t_travospublic_measure_5m_img.25624308.202505212115,85,22,5810080,1,20250521,2115,13,3,,,,,,1,1,,,,,,3,202505212115,34.84454203360207,138.151981,,,16,,2,,0,,0,,0,0,0,0,,0,blue
t_travospublic_measure_5m_img.25624309.202505212115,85,22,5810090,1,20250521,2115,7,2,,,,,,10,1,,,,,,3,202505212115,34.78638703352455,138.050184,,,9,,11,,0,,0,,0,0,0,0,,0,blue
t_travospublic_measure_5m_img.25624310.202505212115,85,22,5810100,1,20250521,2115,0,0,,,,,,83,13,,,,,,3,202505212115,34.77075503350366,137.978062,,,0,,96,,0,,0,,0,0,0,0,,0,blue
t_travospublic_measure_5m_img.25624311.202505212115,85,22,5810110,1,20250521,2115,43,2,,,,,,41,5,,,,,,3,202505212115,34.76273603349293,137.969553,,,45,,46,,0,,0,,0,0,0,0,,0,blue
t_travospublic_measure_5m_img.25624312.202505212115,85,23,5810190,1,20250521,2115,,,,,,,,,,,,,,,3,202505212115,35.11388803395716,136.734972,,,,,,,1,,0,,0,0,0,0,,0,blue
t_travospublic_measure_5m_img.25624313.202505212115,85,24,5810210,1,20250521,2115,3,0,,,,,,13,1,,,,,,3,202505212115,34.86311003362677,136.47097,,,3,,14,,0,,0,,0,0,0,0,,0,blue
t_travospublic_measure_5m_img.25624314.202505212115,85,21,5810280,1,20250521,2115,9,0,,,,,,11,0,,,,,,3,202505212115,35.365972034283374,137.22477800000001,,,9,,11,,0,,0,,0,0,0,0,,0,blue
t_travospublic_measure_5m_img.25624315.202505212115,85,21,5810340,1,20250521,2115,2,0,,,,,,19,2,,,,,,3,202505212115,35.45966703440309,137.442028,,,2,,21,,0,,0,,0,0,0,0,,0,blue
t_travospublic_measure_5m_img.25624316.202505212115,85,21,5810350,1,20250521,2115,0,0,,,,,,0,0,,,,,,3,202505212115,35.51200003446958,137.521639,,,0,,0,,0,,0,,0,0,0,0,,0,blue
t_travospublic_measure_5m_img.25624317.202505212115,85,21,5810360,1,20250521,2115,0,1,,,,,,5,2,,,,,,3,202505212115,35.581250034557165,137.537222,,,1,,7,,0,,0,,0,0,0,0,,0,blue
t_travospublic_measure_5m_img.25624318.202505212115,85,21,5810370,1,20250521,2115,5,0,,,,,,7,1,,,,,,3,202505212115,35.81618803485076,137.683244,,,5,,8,,0,,0,,0,0,0,0,,0,blue
t_travospublic_measure_5m_img.25624319.202505212115,85,21,5810380,1,20250521,2115,2,3,,,,,,4,6,,,,,,3,202505212115,35.91502403497266,137.77069,,,5,,10,,0,,0,,0,0,0,0,,0,blue
t_travospublic_measure_5m_img.25624320.202505212115,85,21,5810390,1,20250521,2115,3,0,,,,,,0,1,,,,,,3,202505212115,35.93471103499681,137.786917,,,3,,1,,0,,0,,0,0,0,0,,0,blue
t_travospublic_measure_5m_img.25624321.202505212115,85,21,5810420,1,20250521,2115,7,1,,,,,,4,0,,,,,,3,202505212115,35.37572803429589,137.190676,,,8,,4,,0,,0,,0,0,0,0,,0,blue
t_travospublic_measure_5m_img.25624322.202505212115,85,21,5810440,1,20250521,2115,19,1,,,,,,2,0,,,,,,3,202505212115,35.426917034361345,137.132361,,,20,,2,,0,,0,,0,0,0,0,,0,blue
t_travospublic_measure_5m_img.25624323.202505212115,85,21,5810490,1,20250521,2115,18,1,,,,,,37,2,,,,,,3,202505212115,35.371615034290606,136.644153,,,19,,39,,0,,0,,0,0,0,0,,0,blue
t_travospublic_measure_5m_img.25624324.202505212115,85,21,5810500,1,20250521,2115,,,,,,,,,,,,,,,3,202505212115,35.365209034282394,136.485668,,,,,,,1,,0,,0,0,0,0,,0,blue
t_travospublic_measure_5m_img.25624325.202505212115,85,21,5810510,1,20250521,2115,,,,,,,,,,,,,,,3,202505212115,35.37112003428997,136.453326,,,,,,,1,,0,,0,0,0,0,,0,blue
t_travospublic_measure_5m_img.25624326.202505212115,85,23,5810530,1,20250521,2115,21,2,,,,,,3,2,,,,,,3,202505212115,34.696128033403625,137.40686,,,23,,5,,0,,0,,0,0,0,0,,0,blue
t_travospublic_measure_5m_img.25624327.202505212115,85,23,5810570,1,20250521,2115,16,0,,,,,,14,3,,,,,,3,202505212115,34.84938803360853,137.221222,,,16,,17,,0,,0,,0,0,0,0,,0,blue
t_travospublic_measure_5m_img.25624328.202505212115,85,23,5810580,1,20250521,2115,28,0,,,,,,40,6,,,,,,3,202505212115,34.84869403360759,137.197416,,,28,,46,,0,,0,,0,0,0,0,,0,blue
t_travospublic_measure_5m_img.25624329.202505212115,85,23,5810620,1,20250521,2115,51,19,,,,,,77,10,,,,,,3,202505212115,35.10119403394058,136.86925,,,70,,87,,0,,0,,0,0,0,0,,0,blue
t_travospublic_measure_5m_img.25624330.202505212115,85,24,5810670,1,20250521,2115,,,,,,,,,,,,,,,3,202505212115,34.65002003334157,136.51956,,,,,,,1,,0,,0,0,0,0,,0,blue
t_travospublic_measure_5m_img.25624331.202505212115,85,24,5810680,1,20250521,2115,17,3,,,,,,28,0,,,,,,3,202505212115,34.71907003343443,136.4716,,,20,,28,,0,,0,,0,0,0,0,,0,blue
t_travospublic_measure_5m_img.25624332.202505212115,85,24,5810690,1,20250521,2115,22,1,,,,,,17,0,,,,,,3,202505212115,34.64712003333765,136.49449,,,23,,17,,0,,0,,0,0,0,0,,0,blue
t_travospublic_measure_5m_img.25624333.202505212115,85,24,5810700,1,20250521,2115,0,0,,,,,,19,17,,,,,,3,202505212115,34.850220033609624,136.416645,,,0,,36,,0,,0,,0,0,0,0,,0,blue
t_travospublic_measure_5m_img.25624334.202505212115,85,24,5810730,1,20250521,2115,,,,,,,,,,,,,,,3,202505212115,34.62822503331218,135.986212,,,,,,,1,,0,,0,0,0,0,,0,blue
t_travospublic_measure_5m_img.25624335.202505212115,85,21,5810760,1,20250521,2115,,,,,,,,,,,,,,,3,202505212115,35.55276203452119,137.177488,,,,,,,1,,0,,0,0,0,0,,0,blue
t_travospublic_measure_5m_img.25624336.202505212115,85,21,5810770,1,20250521,2115,1,0,,,,,,0,0,,,,,,3,202505212115,35.64602003463866,137.169715,,,1,,0,,0,,0,,0,0,0,0,,0,blue
t_travospublic_measure_5m_img.25624337.202505212115,85,21,5810780,1,20250521,2115,0,0,,,,,,2,0,,,,,,3,202505212115,35.667031034665,137.162564,,,0,,2,,0,,0,,0,0,0,0,,0,blue
t_travospublic_measure_5m_img.25624338.202505212115,85,21,5810790,1,20250521,2115,3,0,,,,,,4,0,,,,,,3,202505212115,35.74291003475978,137.208481,,,3,,4,,0,,0,,0,0,0,0,,0,blue
t_travospublic_measure_5m_img.25624339.202505212115,85,21,5810800,1,20250521,2115,1,0,,,,,,2,1,,,,,,3,202505212115,35.77947703480525,137.252586,,,1,,3,,0,,0,,0,0,0,0,,0,blue
t_travospublic_measure_5m_img.25624340.202505212115,85,21,5810810,1,20250521,2115,0,0,,,,,,1,0,,,,,,3,202505212115,35.83471903487371,137.232014,,,0,,1,,0,,0,,0,0,0,0,,0,blue
t_travospublic_measure_5m_img.25624341.202505212115,85,21,5810830,1,20250521,2115,2,0,,,,,,0,0,,,,,,3,202505212115,36.02357503510535,137.294767,,,2,,0,,0,,0,,0,0,0,0,,0,blue
t_travospublic_measure_5m_img.25624342.202505212115,85,21,5810840,1,20250521,2115,1,0,,,,,,10,0,,,,,,3,202505212115,36.10871303520861,137.266233,,,1,,10,,0,,0,,0,0,0,0,,0,blue
t_travospublic_measure_5m_img.25624343.202505212115,85,21,5810850,1,20250521,2115,15,1,,,,,,10,0,,,,,,3,202505212115,36.12373303522673,137.258932,,,16,,10,,0,,0,,0,0,0,0,,0,blue
t_travospublic_measure_5m_img.25624344.202505212115,85,21,5810860,1,20250521,2115,1,0,,,,,,5,1,,,,,,3,202505212115,36.25072803537914,137.162845,,,1,,6,,0,,0,,0,0,0,0,,0,blue
t_travospublic_measure_5m_img.25624345.202505212115,85,21,5810880,1,20250521,2115,0,0,,,,,,2,0,,,,,,3,202505212115,36.31423303545473,137.259675,,,0,,2,,0,,0,,0,0,0,0,,0,blue
t_travospublic_measure_5m_img.25624346.202505212115,85,24,5810890,1,20250521,2115,0,0,,,,,,5,0,,,,,,3,202505212115,34.407524733012174,136.4423714,,,0,,5,,0,,0,,0,0,0,0,,0,blue
t_travospublic_measure_5m_img.25624347.202505212115,85,24,5810900,1,20250521,2115,0,0,,,,,,0,0,,,,,,3,202505212115,34.1617406326732,136.2779067,,,0,,0,,0,,0,,0,0,0,0,,0,blue
t_travospublic_measure_5m_img.25624348.202505212115,85,24,5810930,1,20250521,2115,0,0,,,,,,0,0,,,,,,3,202505212115,33.98629813242818,136.1080803,,,0,,0,,0,,0,,0,0,0,0,,0,blue
t_travospublic_measure_5m_img.25624349.202505212115,85,24,5810940,1,20250521,2115,0,0,,,,,,0,0,,,,,,3,202505212115,33.93298113235323,136.0940822,,,0,,0,,0,,0,,0,0,0,0,,0,blue
t_travospublic_measure_5m_img.25624350.202505212115,85,24,5810960,1,20250521,2115,0,0,,,,,,0,0,,,,,,3,202505212115,34.00152563244955,136.1851117,,,0,,0,,0,,0,,0,0,0,0,,0,blue
t_travospublic_measure_5m_img.25624351.202505212115,85,24,5810970,1,20250521,2115,0,0,,,,,,0,0,,,,,,3,202505212115,33.942137832366114,136.1524581,,,0,,0,,0,,0,,0,0,0,0,,0,blue
t_travospublic_measure_5m_img.25624352.202505212115,85,24,5810980,1,20250521,2115,0,0,,,,,,0,0,,,,,,3,202505212115,33.92889863234747,136.1381858,,,0,,0,,0,,0,,0,0,0,0,,0,blue
t_travospublic_measure_5m_img.25624353.202505212115,85,24,5810990,1,20250521,2115,1,0,,,,,,3,0,,,,,,3,202505212115,33.74057583208088,135.9955167,,,1,,3,,0,,0,,0,0,0,0,,0,blue
t_travospublic_measure_5m_img.25624354.202505212115,85,24,5811000,1,20250521,2115,0,0,,,,,,1,0,,,,,,1,202505212115,34.10420863259313,136.1948133,,,0,,1,,0,,0,,0,0,0,0,,0,blue
t_travospublic_measure_5m_img.25624355.202505212115,85,22,5811050,1,20250521,2115,1,0,,,,,,3,0,,,,,,3,202505212115,35.37095103428976,138.860418,,,1,,3,,0,,0,,0,0,0,0,,0,blue
t_travospublic_measure_5m_img.25624356.202505212115,85,23,5811110,1,20250521,2115,0,0,,,,,,4,0,,,,,,3,202505212115,35.135027033984734,137.309194,,,0,,4,,0,,0,,0,0,0,0,,0,blue
t_travospublic_measure_5m_img.25624357.202505212115,85,23,5811120,1,20250521,2115,0,0,,,,,,2,0,,,,,,3,202505212115,35.149777034003954,137.332722,,,0,,2,,0,,0,,0,0,0,0,,0,blue
t_travospublic_measure_5m_img.25624358.202505212115,85,23,5811130,1,20250521,2115,0,0,,,,,,4,0,,,,,,3,202505212115,35.1700830340304,137.406805,,,0,,4,,0,,0,,0,0,0,0,,0,blue
t_travospublic_measure_5m_img.25624359.202505212115,85,23,5811140,1,20250521,2115,,,,,,,,,,,,,,,3,202505212115,35.221388034097004,137.524166,,,,,,,1,,0,,0,0,0,0,,0,blue
t_travospublic_measure_5m_img.25624360.202505212115,85,21,5811150,1,20250521,2115,1,0,,,,,,1,0,,,,,,3,202505212115,35.46219703440631,137.756093,,,1,,1,,0,,0,,0,0,0,0,,0,blue
t_travospublic_measure_5m_img.25624361.202505212115,85,21,5811160,1,20250521,2115,14,0,,,,,,5,0,,,,,,3,202505212115,35.50206103445697,137.792544,,,14,,5,,0,,0,,0,0,0,0,,0,blue
t_travospublic_measure_5m_img.25624362.202505212115,85,23,5811170,1,20250521,2115,7,2,,,,,,7,1,,,,,,3,202505212115,35.21055503408296,137.106666,,,9,,8,,0,,0,,0,0,0,0,,0,blue
t_travospublic_measure_5m_img.25624363.202505212115,85,21,5811190,1,20250521,2115,0,0,,,,,,0,0,,,,,,3,202505212115,35.601941034583234,136.937212,,,0,,0,,0,,0,,0,0,0,0,,0,blue
t_travospublic_measure_5m_img.25624364.202505212115,85,21,5811210,1,20250521,2115,1,0,,,,,,0,0,,,,,,3,202505212115,35.86111303490629,136.863612,,,1,,0,,0,,0,,0,0,0,0,,0,blue
t_travospublic_measure_5m_img.25624365.202505212115,85,21,5811230,1,20250521,2115,2,0,,,,,,1,0,,,,,,3,202505212115,36.13868903524477,137.164639,,,2,,1,,0,,0,,0,0,0,0,,0,blue
t_travospublic_measure_5m_img.25624366.202505212115,85,21,5811240,1,20250521,2115,4,0,,,,,,0,0,,,,,,3,202505212115,36.16135703527206,137.222749,,,4,,0,,0,,0,,0,0,0,0,,0,blue
t_travospublic_measure_5m_img.25624367.202505212115,85,22,5811250,1,20250521,2115,0,1,,,,,,19,1,,,,,,3,202505212115,35.312573034214765,138.927446,,,1,,20,,0,,0,,0,0,0,0,,0,blue
t_travospublic_measure_5m_img.25624368.202505212115,85,21,5811270,1,20250521,2115,0,0,,,,,,1,0,,,,,,3,202505212115,35.23023303410846,136.596679,,,0,,1,,0,,0,,0,0,0,0,,0,blue
t_travospublic_measure_5m_img.25624369.202505212115,85,23,5811320,1,20250521,2115,,,,,,,,,,,,,,,3,202505212115,35.09388803393102,136.812222,,,,,,,1,,0,,0,0,0,0,,0,blue
t_travospublic_measure_5m_img.25624370.202505212115,85,21,5811330,1,20250521,2115,0,0,,,,,,0,0,,,,,,3,202505212115,35.46731303441282,137.78409,,,0,,0,,0,,0,,0,0,0,0,,0,blue
t_travospublic_measure_5m_img.25624371.202505212115,86,,6810010,1,20250521,2115,,,,,,,,,,,,,,,3,202505212115,34.89694403367168,136.336111,,,,,,,1,,0,,0,0,0,0,,0,blue
t_travospublic_measure_5m_img.25624372.202505212115,86,,6810020,1,20250521,2115,,,,,,,,,,,,,,,3,202505212115,34.97777803377855,135.901667,,,,,,,1,,0,,0,0,0,0,,0,blue
t_travospublic_measure_5m_img.25624373.202505212115,86,,6810030,1,20250521,2115,,,,,,,,,,,,,,,3,202505212115,35.00527803381478,136.094722,,,,,,,1,,0,,0,1,1,0,,0,blue
t_travospublic_measure_5m_img.25624374.202505212115,86,,6810040,1,20250521,2115,,,,,,,,,,,,,,,3,202505212115,34.98861103379282,135.788056,,,,,,,1,,0,,0,0,0,0,,0,blue
t_travospublic_measure_5m_img.25624375.202505212115,86,,6810050,1,20250521,2115,,,,,,,,,,,,,,,3,202505212115,34.987222033791,135.75305600000002,,,,,,,1,,0,,0,0,0,0,,0,blue
t_travospublic_measure_5m_img.25624376.202505212115,86,,6810089,1,20250521,2115,,,,,,,,,,,,,,,3,202505212115,34.978118033779,135.908546,,,,,,,1,,0,,0,0,0,0,,0,blue
t_travospublic_measure_5m_img.25624377.202505212115,86,,6810090,1,20250521,2115,,,,,,,,,,,,,,,3,202505212115,34.83138903358458,135.72305600000004,,,,,,,1,,0,,0,0,0,0,,0,blue
t_travospublic_measure_5m_img.25624378.202505212115,86,,6810100,1,20250521,2115,,,,,,,,,,,,,,,3,202505212115,34.83138903358458,135.723889,,,,,,,1,,0,,0,0,0,0,,0,blue
t_travospublic_measure_5m_img.25624379.202505212115,86,,6810130,1,20250521,2115,,,,,,,,,,,,,,,3,202505212115,34.842500033599364,134.330556,,,,,,,1,,0,,0,0,0,0,,0,blue
t_travospublic_measure_5m_img.25624380.202505212115,86,,6810135,1,20250521,2115,10,2,,,,,,0,0,,,,,,3,202505212115,36.18333336529846,136.26777780000003,,,12,,0,,0,,0,,0,0,0,0,,0,blue
t_travospublic_measure_5m_img.25624381.202505212115,86,,6810140,1,20250521,2115,18,4,,,,,,8,2,,,,,,3,202505212115,36.14305603525003,136.263889,,,22,,10,,0,,0,,0,0,0,0,,0,blue
t_travospublic_measure_5m_img.25624382.202505212115,86,,6810150,1,20250521,2115,,,,,,,,,,,,,,,3,202505212115,36.0772220351705,136.244444,,,,,,,1,,0,,0,0,0,0,,0,blue
t_travospublic_measure_5m_img.25624383.202505212115,86,,6810160,1,20250521,2115,,,,,,,,,,,,,,,3,202505212115,36.02444403510641,136.218333,,,,,,,1,,0,,0,0,0,0,,0,blue
t_travospublic_measure_5m_img.25624384.202505212115,86,,6810165,1,20250521,2115,1,0,,,,,,1,0,,,,,,3,202505212115,35.980555595052905,136.1958333,,,1,,1,,0,,0,,0,0,0,0,,0,blue
t_travospublic_measure_5m_img.25624385.202505212115,86,,6810170,1,20250521,2115,,,,,,,,,,,,,,,3,202505212115,35.95555603502233,136.188889,,,,,,,1,,0,,0,0,0,0,,0,blue
t_travospublic_measure_5m_img.25624386.202505212115,86,,6810180,1,20250521,2115,27,0,,,,,,12,0,,,,,,3,202505212115,35.878333034927515,136.169444,,,27,,12,,0,,0,,0,0,0,0,,0,blue
t_travospublic_measure_5m_img.25624387.202505212115,86,,6810190,1,20250521,2115,,,,,,,,,,,,,,,3,202505212115,35.719444034730536,136.094722,,,,,,,1,,0,,0,0,0,0,,0,blue
t_travospublic_measure_5m_img.25624388.202505212115,86,,6810200,1,20250521,2115,0,0,,,,,,0,0,,,,,,3,202505212115,35.66555603466316,136.083056,,,0,,0,,0,,0,,0,0,0,0,,0,blue
t_travospublic_measure_5m_img.25624389.202505212115,86,,6810220,1,20250521,2115,0,0,,,,,,3,0,,,,,,3,202505212115,35.60416703458605,136.107222,,,0,,3,,0,,0,,0,0,0,0,,0,blue
t_travospublic_measure_5m_img.25624390.202505212115,86,,6810230,1,20250521,2115,,,,,,,,,,,,,,,3,202505212115,35.57603003455058,136.122756,,,,,,,1,,0,,0,0,0,0,,0,blue
t_travospublic_measure_5m_img.25624391.202505212115,86,,6810240,1,20250521,2115,,,,,,,,,,,,,,,3,202505212115,35.512778034470564,136.173333,,,,,,,1,,0,,0,0,0,0,,0,blue
t_travospublic_measure_5m_img.25624392.202505212115,86,,6810241,1,20250521,2115,,,,,,,,,,,,,,,3,202505212115,35.4322160343681,136.245092,,,,,,,1,,0,,0,0,0,0,,0,blue
t_travospublic_measure_5m_img.25624393.202505212115,86,,6810250,1,20250521,2115,,,,,,,,,,,,,,,3,202505212115,35.27555603416706,136.269444,,,,,,,1,,0,,0,0,0,0,,0,blue
t_travospublic_measure_5m_img.25624394.202505212115,86,,6810260,1,20250521,2115,,,,,,,,,,,,,,,3,202505212115,35.11611103396005,136.128333,,,,,,,1,,0,,0,0,0,0,,0,blue
t_travospublic_measure_5m_img.25624395.202505212115,86,,6810270,1,20250521,2115,,,,,,,,,,,,,,,3,202505212115,35.091944033928485,136.089722,,,,,,,1,,0,,0,0,0,0,,0,blue
t_travospublic_measure_5m_img.25624396.202505212115,86,,6810280,1,20250521,2115,,,,,,,,,,,,,,,3,202505212115,35.66000003465618,136.084722,,,,,,,1,,0,,0,0,0,0,,0,blue
t_travospublic_measure_5m_img.25624397.202505212115,86,,6810290,1,20250521,2115,,,,,,,,,,,,,,,3,202505212115,34.996111033802705,135.722222,,,,,,,1,,0,,0,0,0,0,,0,blue
t_travospublic_measure_5m_img.25624398.202505212115,86,,6810300,1,20250521,2115,0,0,,,,,,0,0,,,,,,3,202505212115,34.981944033784046,135.693056,,,0,,0,,0,,0,,0,0,0,0,,0,blue
t_travospublic_measure_5m_img.25624399.202505212115,86,,6810310,1,20250521,2115,37,2,,,,,,0,0,,,,,,3,202505212115,34.981944033784046,135.692917,,,39,,0,,0,,0,,0,0,0,0,,0,blue
t_travospublic_measure_5m_img.25624400.202505212115,86,,6810320,1,20250521,2115,,,,,,,,,,,,,,,3,202505212115,34.992500033797945,135.64750000000004,,,,,,,1,,0,,0,0,0,0,,0,blue
t_travospublic_measure_5m_img.25624401.202505212115,86,,6810330,1,20250521,2115,26,3,,,,,,8,2,,,,,,3,202505212115,34.989722033794294,135.636667,,,29,,10,,0,,0,,0,0,0,0,,0,blue
t_travospublic_measure_5m_img.25624402.202505212115,86,,6810340,1,20250521,2115,3,0,,,,,,1,0,,,,,,3,202505212115,35.12222203396803,135.439444,,,3,,1,,0,,0,,0,0,0,0,,0,blue
t_travospublic_measure_5m_img.25624403.202505212115,86,,6810343,1,20250521,2115,,,,,,,,,,,,,,,3,202505212115,35.18777781405339,135.3219444,,,,,,,1,,0,,0,0,0,0,,0,blue
t_travospublic_measure_5m_img.25624404.202505212115,86,,6810344,1,20250521,2115,2,0,,,,,,17,0,,,,,,3,202505212115,35.24583336412865,135.2161111,,,2,,17,,0,,0,,0,0,0,0,,0,blue
t_travospublic_measure_5m_img.25624405.202505212115,86,,6810346,1,20250521,2115,16,0,,,,,,16,0,,,,,,3,202505212115,35.28305559417674,135.1777778,,,16,,16,,0,,0,,0,0,0,0,,0,blue
t_travospublic_measure_5m_img.25624406.202505212115,86,,6810348,1,20250521,2115,17,0,,,,,,3,0,,,,,,3,202505212115,35.3139820342166,135.101491,,,17,,3,,0,,0,,0,0,0,0,,0,blue
t_travospublic_measure_5m_img.25624407.202505212115,86,,6810360,1,20250521,2115,0,0,,,,,,0,0,,,,,,3,202505212115,35.333611034241834,134.917222,,,0,,0,,0,,1,,0,0,0,0,,0,blue
t_travospublic_measure_5m_img.25624408.202505212115,86,,6810370,1,20250521,2115,4,1,,,,,,7,0,,,,,,3,202505212115,35.38305603430526,134.671667,,,5,,7,,0,,0,,0,0,0,0,,0,blue
t_travospublic_measure_5m_img.25624409.202505212115,86,,6810390,1,20250521,2115,5,1,,,,,,3,0,,,,,,3,202505212115,35.48083303443001,134.585278,,,6,,3,,0,,0,,0,0,0,0,,0,blue
t_travospublic_measure_5m_img.25624410.202505212115,86,,6810400,1,20250521,2115,2,0,,,,,,0,0,,,,,,3,202505212115,35.50388903445929,134.533889,,,2,,0,,0,,0,,0,0,0,0,,0,blue
t_travospublic_measure_5m_img.25624411.202505212115,86,,6810410,1,20250521,2115,1,1,,,,,,0,0,,,,,,3,202505212115,35.5247220344857,134.4275,,,2,,0,,0,,0,,0,0,0,0,,0,blue
t_travospublic_measure_5m_img.25624412.202505212115,86,,6810420,1,20250521,2115,,,,,,,,,,,,,,,3,202505212115,35.33111103423862,136.352222,,,,,,,1,,0,,0,0,0,0,,0,blue
t_travospublic_measure_5m_img.25624413.202505212115,86,,6810450,1,20250521,2115,5,1,,,,,,10,0,,,,,,3,202505212115,34.229683032767404,135.169164,,,6,,10,,0,,0,,0,0,0,0,,0,blue
t_travospublic_measure_5m_img.25624414.202505212115,86,,6810500,1,20250521,2115,,,,,,,,,,,,,,,3,202505212115,34.58000003324698,135.466581,,,,,,,1,,0,,0,0,0,0,,0,blue
t_travospublic_measure_5m_img.25624415.202505212115,86,,6810510,1,20250521,2115,,,,,,,,,,,,,,,3,202505212115,34.5797220332466,135.466581,,,,,,,1,,0,,0,0,0,0,,0,blue
t_travospublic_measure_5m_img.25624416.202505212115,86,,6810540,1,20250521,2115,,,,,,,,,,,,,,,3,202505212115,34.36000003294702,135.269444,,,,,,,1,,0,,0,0,0,0,,0,blue
t_travospublic_measure_5m_img.25624417.202505212115,86,,6810550,1,20250521,2115,0,0,,,,,,4,0,,,,,,3,202505212115,34.32270003289575,135.19756,,,0,,4,,0,,0,,0,0,0,0,,0,blue
t_travospublic_measure_5m_img.25624418.202505212115,86,,6810560,1,20250521,2115,,,,,,,,,,,,,,,3,202505212115,34.24805603279281,135.175,,,,,,,1,,0,,0,0,0,0,,0,blue
t_travospublic_measure_5m_img.25624419.202505212115,86,,6810580,1,20250521,2115,2,0,,,,,,0,0,,,,,,3,202505212115,35.633611034623065,136.021389,,,2,,0,,0,,0,,0,0,0,0,,0,blue
t_travospublic_measure_5m_img.25624420.202505212115,86,,6810590,1,20250521,2115,,,,,,,,,,,,,,,3,202505212115,35.58083303455663,135.910417,,,,,,,1,,0,,0,0,0,0,,0,blue
t_travospublic_measure_5m_img.25624421.202505212115,86,,6810610,1,20250521,2115,,,,,,,,,,,,,,,3,202505212115,35.469444034415524,135.825,,,,,,,1,,0,,0,0,0,0,,0,blue
t_travospublic_measure_5m_img.25624422.202505212115,86,,6810620,1,20250521,2115,11,0,,,,,,0,0,,,,,,3,202505212115,35.483056034432835,135.666111,,,11,,0,,0,,0,,0,0,0,0,,0,blue
t_travospublic_measure_5m_img.25624423.202505212115,86,,6810630,1,20250521,2115,,,,,,,,,,,,,,,3,202505212115,35.48805603443919,135.595833,,,,,,,1,,0,,0,0,0,0,,0,blue
t_travospublic_measure_5m_img.25624424.202505212115,86,,6810660,1,20250521,2115,16,1,,,,,,5,0,,,,,,3,202505212115,35.48083303443001,135.421389,,,17,,5,,0,,0,,0,0,0,0,,0,blue
t_travospublic_measure_5m_img.25624425.202505212115,86,,6810667,1,20250521,2115,0,0,,,,,,6,0,,,,,,3,202505212115,35.46027781440387,135.3566667,,,0,,6,,0,,0,,0,0,0,0,,0,blue
t_travospublic_measure_5m_img.25624426.202505212115,86,,6810670,1,20250521,2115,5,0,,,,,,6,0,,,,,,3,202505212115,35.414167034345056,135.333056,,,5,,6,,0,,0,,0,0,0,0,,0,blue
t_travospublic_measure_5m_img.25624427.202505212115,86,,6810671,1,20250521,2115,18,1,,,,,,10,2,,,,,,3,202505212115,35.37888892429992,135.3169444,,,19,,12,,0,,0,,0,0,0,0,,0,blue
t_travospublic_measure_5m_img.25624428.202505212115,86,,6810700,1,20250521,2115,6,0,,,,,,6,0,,,,,,3,202505212115,34.47239203310078,134.945572,,,6,,6,,0,,0,,0,0,0,0,,0,blue
t_travospublic_measure_5m_img.25624429.202505212115,86,,6810710,1,20250521,2115,0,0,,,,,,1,0,,,,,,3,202505212115,34.40363603300684,134.896767,,,0,,1,,0,,0,,0,0,0,0,,0,blue
t_travospublic_measure_5m_img.25624430.202505212115,86,,6810720,1,20250521,2115,,,,,,,,,,,,,,,3,202505212115,34.26169203281165,134.728943,,,,,,,1,,0,,0,0,0,0,,0,blue
t_travospublic_measure_5m_img.25624431.202505212115,86,,6810730,1,20250521,2115,,,,,,,,,,,,,,,3,202505212115,34.85305603361341,134.605278,,,,,,,1,,0,,0,0,0,0,,0,blue
t_travospublic_measure_5m_img.25624432.202505212115,86,,6810740,1,20250521,2115,,,,,,,,,,,,,,,3,202505212115,34.87691203364509,134.61312,,,,,,,1,,0,,0,0,0,0,,0,blue
t_travospublic_measure_5m_img.25624433.202505212115,86,,6810750,1,20250521,2115,,,,,,,,,,,,,,,3,202505212115,35.07068203390065,134.587422,,,,,,,1,,0,,0,0,0,0,,0,blue
t_travospublic_measure_5m_img.25624434.202505212115,86,,6810760,1,20250521,2115,,,,,,,,,,,,,,,3,202505212115,35.145672033998615,134.539014,,,,,,,1,,0,,0,0,0,0,,0,blue
t_travospublic_measure_5m_img.25624435.202505212115,86,,6810770,1,20250521,2115,,,,,,,,,,,,,,,3,202505212115,33.692375032012194,135.984591,,,,,,,1,,0,,0,0,0,0,,0,blue
t_travospublic_measure_5m_img.25624436.202505212115,86,,6810780,1,20250521,2115,,,,,,,,,,,,,,,3,202505212115,33.61777803190555,135.927061,,,,,,,1,,0,,0,0,0,0,,0,blue
t_travospublic_measure_5m_img.25624437.202505212115,86,,6810790,1,20250521,2115,,,,,,,,,,,,,,,3,202505212115,33.56853903183492,135.910197,,,,,,,1,,0,,0,0,0,0,,0,blue
t_travospublic_measure_5m_img.25624438.202505212115,86,,6810800,1,20250521,2115,1,0,,,,,,2,0,,,,,,3,202505212115,33.50323103174097,135.806228,,,1,,2,,0,,0,,0,0,0,0,,0,blue
t_travospublic_measure_5m_img.25624439.202505212115,86,,6810810,1,20250521,2115,0,0,,,,,,0,0,,,,,,3,202505212115,33.48392803171314,135.760481,,,0,,0,,0,,0,,0,0,0,0,,0,blue
t_travospublic_measure_5m_img.25624440.202505212115,86,,6810820,1,20250521,2115,,,,,,,,,,,,,,,3,202505212115,33.509890031750565,135.60639100000003,,,,,,,1,,0,,0,0,0,0,,0,blue
t_travospublic_measure_5m_img.25624441.202505212115,86,,6810830,1,20250521,2115,,,,,,,,,,,,,,,3,202505212115,33.51850003176297,135.57,,,,,,,1,,0,,0,0,0,0,,0,blue
t_travospublic_measure_5m_img.25624442.202505212115,86,,6810840,1,20250521,2115,,,,,,,,,,,,,,,3,202505212115,33.554167031814266,135.458889,,,,,,,1,,0,,0,0,0,0,,0,blue
t_travospublic_measure_5m_img.25624443.202505212115,86,,6810850,1,20250521,2115,,,,,,,,,,,,,,,3,202505212115,33.70273603202697,135.411942,,,,,,,1,,0,,0,0,0,0,,0,blue
t_travospublic_measure_5m_img.25624444.202505212115,86,,6810860,1,20250521,2115,28,0,,,,,,16,0,,,,,,3,202505212115,33.72250003205514,135.404722,,,28,,16,,0,,0,,0,0,0,0,,0,blue
t_travospublic_measure_5m_img.25624445.202505212115,86,,6810880,1,20250521,2115,,,,,,,,,,,,,,,3,202505212115,33.748889032092684,135.3275,,,,,,,1,,0,,0,0,0,0,,0,blue
t_travospublic_measure_5m_img.25624446.202505212115,86,,6810890,1,20250521,2115,0,0,,,,,,4,0,,,,,,3,202505212115,33.7811110321385,135.3025,,,0,,4,,0,,0,,0,0,0,0,,0,blue
t_travospublic_measure_5m_img.25624447.202505212115,86,,6810900,1,20250521,2115,,,,,,,,,,,,,,,3,202505212115,33.91892803233343,135.146508,,,,,,,1,,0,,0,0,0,0,,0,blue
t_travospublic_measure_5m_img.25624448.202505212115,86,,6810910,1,20250521,2115,6,1,,,,,,0,0,,,,,,3,202505212115,33.94659203237239,135.12965,,,7,,0,,0,,0,,0,0,0,0,,0,blue
t_travospublic_measure_5m_img.25624449.202505212115,86,,6810920,1,20250521,2115,23,3,,,,,,7,0,,,,,,3,202505212115,34.04305603250771,135.189722,,,26,,7,,0,,0,,0,0,0,0,,0,blue
t_travospublic_measure_5m_img.25624450.202505212115,86,,6810930,1,20250521,2115,,,,,,,,,,,,,,,3,202505212115,34.047035032513286,135.189167,,,,,,,1,,0,,0,0,0,0,,0,blue
t_travospublic_measure_5m_img.25624451.202505212115,86,,6810950,1,20250521,2115,,,,,,,,,,,,,,,3,202505212115,34.19539403271991,135.169583,,,,,,,1,,0,,0,0,0,0,,0,blue
t_travospublic_measure_5m_img.25624452.202505212115,86,,6810960,1,20250521,2115,,,,,,,,,,,,,,,3,202505212115,33.74962803209376,135.359472,,,,,,,1,,0,,0,0,0,0,,0,blue
t_travospublic_measure_5m_img.25624453.202505212115,86,,6810980,1,20250521,2115,19,1,,,,,,51,7,,,,,,3,202505212115,34.652222033344536,135.48972200000003,,,20,,58,,0,,0,,0,0,0,0,,0,blue
t_travospublic_measure_5m_img.25624454.202505212115,86,,6810990,1,20250521,2115,,,,,,,,,,,,,,,3,202505212115,35.551944034520155,136.098333,,,,,,,1,,0,,0,0,0,0,,0,blue
t_travospublic_measure_5m_img.25624455.202505212115,86,,6811000,1,20250521,2115,,,,,,,,,,,,,,,3,202505212115,35.530000034492396,136.094444,,,,,,,1,,0,,0,0,0,0,,0,blue
t_travospublic_measure_5m_img.25624456.202505212115,86,,6811010,1,20250521,2115,,,,,,,,,,,,,,,3,202505212115,35.47888903442754,136.083056,,,,,,,1,,0,,0,0,0,0,,0,blue
t_travospublic_measure_5m_img.25624457.202505212115,86,,6811020,1,20250521,2115,,,,,,,,,,,,,,,3,202505212115,35.39750003432375,136.024722,,,,,,,1,,0,,0,0,0,0,,0,blue
t_travospublic_measure_5m_img.25624458.202505212115,86,,6811030,1,20250521,2115,,,,,,,,,,,,,,,3,202505212115,35.28722203418211,136.018056,,,,,,,1,,0,,0,0,0,0,,0,blue
t_travospublic_measure_5m_img.25624459.202505212115,86,,6811040,1,20250521,2115,,,,,,,,,,,,,,,3,202505212115,35.24777803413116,135.960556,,,,,,,1,,0,,0,0,0,0,,0,blue
t_travospublic_measure_5m_img.25624460.202505212115,86,,6811050,1,20250521,2115,,,,,,,,,,,,,,,3,202505212115,35.237778034118236,135.943333,,,,,,,1,,0,,0,1,1,0,,0,blue
t_travospublic_measure_5m_img.25624461.202505212115,86,,6811080,1,20250521,2115,44,1,,,,,,34,2,,,,,,3,202505212115,34.71861103343382,135.569444,,,45,,36,,0,,0,,0,0,0,0,,0,blue
t_travospublic_measure_5m_img.25624462.202505212115,86,,6811140,1,20250521,2115,0,0,,,,,,0,0,,,,,,3,202505212115,34.81806403356681,135.3196,,,0,,0,,0,,0,,0,1,1,0,,0,blue
t_travospublic_measure_5m_img.25624463.202505212115,86,,6811150,1,20250521,2115,0,0,,,,,,0,0,,,,,,3,202505212115,35.16055603401799,135.066111,,,0,,0,,0,,0,,0,0,0,0,,0,blue
t_travospublic_measure_5m_img.25624464.202505212115,86,,6811160,1,20250521,2115,0,0,,,,,,0,0,,,,,,3,202505212115,35.23305603411212,135.020833,,,0,,0,,0,,0,,0,0,0,0,,0,blue
t_travospublic_measure_5m_img.25624465.202505212115,86,,6811170,1,20250521,2115,4,0,,,,,,4,0,,,,,,3,202505212115,35.29111103418713,134.970556,,,4,,4,,0,,0,,0,0,0,0,,0,blue
t_travospublic_measure_5m_img.25624466.202505212115,86,,6811180,1,20250521,2115,10,0,,,,,,1,1,,,,,,3,202505212115,35.30305603420252,134.92,,,10,,2,,0,,0,,0,0,0,0,,0,blue
t_travospublic_measure_5m_img.25624467.202505212115,86,,6811190,1,20250521,2115,1,0,,,,,,3,0,,,,,,3,202505212115,35.34500003425647,134.801111,,,1,,3,,0,,0,,0,0,0,0,,0,blue
t_travospublic_measure_5m_img.25624468.202505212115,86,,6811200,1,20250521,2115,2,0,,,,,,0,0,,,,,,3,202505212115,35.36333303427999,134.759167,,,2,,0,,0,,0,,0,0,0,0,,0,blue
t_travospublic_measure_5m_img.25624469.202505212115,86,,6811210,1,20250521,2115,2,0,,,,,,8,0,,,,,,3,202505212115,35.49942303445363,134.790538,,,2,,8,,0,,0,,0,0,0,0,,0,blue
t_travospublic_measure_5m_img.25624470.202505212115,86,,6811220,1,20250521,2115,0,1,,,,,,0,0,,,,,,3,202505212115,35.474942034422526,134.764925,,,1,,0,,0,,0,,0,0,0,0,,0,blue
t_travospublic_measure_5m_img.25624471.202505212115,86,,6811230,1,20250521,2115,4,0,,,,,,2,1,,,,,,3,202505212115,35.43722003437449,134.767839,,,4,,3,,0,,0,,0,0,0,0,,0,blue
t_travospublic_measure_5m_img.25624472.202505212115,86,,6811260,1,20250521,2115,0,0,,,,,,3,0,,,,,,3,202505212115,35.01754603383091,136.023618,,,0,,3,,0,,0,,0,0,0,0,,0,blue
t_travospublic_measure_5m_img.25624473.202505212115,86,,6811310,1,20250521,2115,,,,,,,,,,,,,,,3,202505212115,34.78856603352747,134.816183,,,,,,,1,,0,,0,0,0,0,,0,blue
t_travospublic_measure_5m_img.25624474.202505212115,86,,6811320,1,20250521,2115,,,,,,,,,,,,,,,3,202505212115,34.81472203356237,134.673055,,,,,,,1,,0,,0,0,0,0,,0,blue
t_travospublic_measure_5m_img.25624475.202505212115,86,,6811340,1,20250521,2115,,,,,,,,,,,,,,,3,202505212115,34.83503003358942,134.618945,,,,,,,1,,0,,0,0,0,0,,0,blue
t_travospublic_measure_5m_img.25624476.202505212115,86,,6811400,1,20250521,2115,1,0,,,,,,0,0,,,,,,3,202505212115,34.54152803319483,135.675417,,,1,,0,,0,,0,,0,0,0,0,,0,blue
t_travospublic_measure_5m_img.25624477.202505212115,87,,7810030,1,20250521,2115,10,1,,,,,,29,5,,,,,,3,202505212115,34.46130403308565,133.299608,,,11,0,34,0,0,0,0,0,0,0,0,0,0,0,blue
t_travospublic_measure_5m_img.25624478.202505212115,87,,7810060,1,20250521,2115,1,1,,,,,,0,2,,,,,,3,202505212115,34.391480032990195,132.905302,,,2,0,2,0,0,0,0,0,0,0,0,0,0,0,blue
t_travospublic_measure_5m_img.25624479.202505212115,87,,7810080,1,20250521,2115,,,,,,,,1,0,,,,,,3,202505212115,34.40409903300748,132.811446,,,,,1,0,0,0,0,0,0,0,0,0,0,0,blue
t_travospublic_measure_5m_img.25624480.202505212115,87,,7810090,1,20250521,2115,9,5,,,,,,6,2,,,,,,3,202505212115,34.37165503296302,132.548551,,,14,0,8,0,0,0,0,0,0,0,0,0,0,0,blue
t_travospublic_measure_5m_img.25624481.202505212115,87,,7810100,1,20250521,2115,10,1,,,,,,12,3,,,,,,3,202505212115,34.370314032961176,132.43065,,,11,0,15,0,0,0,0,0,0,0,0,0,0,0,blue
t_travospublic_measure_5m_img.25624482.202505212115,87,,7810120,1,20250521,2115,20,7,,,,,,18,1,,,,,,3,202505212115,34.40929103301459,133.075998,,,27,0,19,0,0,0,0,0,0,0,0,0,0,0,blue
t_travospublic_measure_5m_img.25624483.202505212115,87,,7810130,1,20250521,2115,0,0,,,,,,0,0,,,,,,3,202505212115,34.394348032994124,133.04909,,,0,0,0,0,0,0,0,0,0,0,0,0,0,0,blue
t_travospublic_measure_5m_img.25624484.202505212115,87,,7810140,1,20250521,2115,0,0,,,,,,0,0,,,,,,3,202505212115,34.186157032707094,132.173982,,,0,0,0,0,0,0,0,0,0,0,0,0,0,0,blue
t_travospublic_measure_5m_img.25624485.202505212115,87,,7810150,1,20250521,2115,0,0,,,,,,0,0,,,,,,3,202505212115,34.069307032544415,131.669576,,,0,0,0,0,0,0,0,0,0,0,0,0,0,0,blue
t_travospublic_measure_5m_img.25624486.202505212115,87,,7810180,1,20250521,2115,1,0,,,,,,0,0,,,,,,3,202505212115,34.03918803250232,131.248456,,,1,0,0,0,0,0,0,0,0,0,0,0,0,0,blue
t_travospublic_measure_5m_img.25624487.202505212115,87,,7810220,1,20250521,2115,,,,,,,,,,,,,,,3,202505212115,35.51908503447856,134.20671,,,,,,,0,0,0,0,0,1,1,1,1,0,blue
t_travospublic_measure_5m_img.25624488.202505212115,87,,7810230,1,20250521,2115,,,,,,,,,,,,,,,3,202505212115,35.523372034484,134.171906,,,,,,,1,,,,,,,,,,blue
t_travospublic_measure_5m_img.25624489.202505212115,87,,7810250,1,20250521,2115,,,,,,,,,,,,,,,3,202505212115,35.51594103447459,134.071698,,,,,,,1,,,,,,,,,,blue
t_travospublic_measure_5m_img.25624490.202505212115,87,,7810280,1,20250521,2115,4,0,,,,,,2,0,,,,,,3,202505212115,35.50301603445818,133.70857000000004,,,4,0,2,0,0,0,0,0,0,0,0,0,0,0,blue
t_travospublic_measure_5m_img.25624491.202505212115,87,,7810330,1,20250521,2115,6,0,,,,,,3,1,,,,,,3,202505212115,35.46553703441056,133.4305,,,6,0,4,0,0,0,0,0,0,0,0,0,0,0,blue
t_travospublic_measure_5m_img.25624492.202505212115,87,,7810360,1,20250521,2115,31,0,,,,,,23,0,,,,,,3,202505212115,35.43101403436657,133.331902,,,31,0,23,0,0,0,0,0,0,0,0,0,0,0,blue
t_travospublic_measure_5m_img.25624493.202505212115,87,,7810380,1,20250521,2115,11,2,,,,,,13,4,,,,,,3,202505212115,35.48149203443085,133.474531,,,13,0,17,0,0,0,0,0,0,0,0,0,0,0,blue
t_travospublic_measure_5m_img.25624494.202505212115,87,,7810420,1,20250521,2115,8,2,,,,,,7,2,,,,,,3,202505212115,35.50747003446383,133.61465,,,10,0,9,0,0,0,0,0,0,0,0,0,0,0,blue
t_travospublic_measure_5m_img.25624495.202505212115,87,,7810440,1,20250521,2115,17,2,,,,,,18,1,,,,,,3,202505212115,35.40803703433723,133.302548,,,19,0,19,0,0,0,0,0,0,0,0,0,0,0,blue
t_travospublic_measure_5m_img.25624496.202505212115,87,,7810500,1,20250521,2115,1,0,,,,,,1,0,,,,,,3,202505212115,35.198965034067925,132.455335,,,1,0,1,0,0,0,0,0,0,0,0,0,0,0,blue
t_travospublic_measure_5m_img.25624497.202505212115,87,,7810510,1,20250521,2115,0,0,,,,,,0,0,,,,,,3,202505212115,35.111949033954616,132.379675,,,0,0,0,0,0,0,0,0,0,0,0,0,0,0,blue
t_travospublic_measure_5m_img.25624498.202505212115,87,,7810530,1,20250521,2115,1,0,,,,,,1,0,,,,,,3,202505212115,35.0882140339236,132.347724,,,1,0,1,0,0,0,0,0,0,0,0,0,0,0,blue
t_travospublic_measure_5m_img.25624499.202505212115,87,,7810570,1,20250521,2115,1,0,,,,,,2,2,,,,,,3,202505212115,34.92234503370532,132.109083,,,1,0,4,0,0,0,0,0,0,0,0,0,0,0,blue
t_travospublic_measure_5m_img.25624500.202505212115,87,,7810580,1,20250521,2115,4,1,,,,,,2,1,,,,,,3,202505212115,34.90375903368071,132.105961,,,5,0,3,0,0,0,0,0,0,0,0,0,0,0,blue
t_travospublic_measure_5m_img.25624501.202505212115,87,,7810600,1,20250521,2115,2,0,,,,,,0,0,,,,,,3,202505212115,34.886378033657664,132.069161,,,2,0,0,0,0,0,0,0,0,0,0,0,0,0,blue
t_travospublic_measure_5m_img.25624502.202505212115,87,,7810610,1,20250521,2115,4,0,,,,,,10,0,,,,,,3,202505212115,34.8693890336351,132.044972,,,4,0,10,0,0,0,0,0,0,0,0,0,0,0,blue
t_travospublic_measure_5m_img.25624503.202505212115,87,,7810650,1,20250521,2115,1,0,,,,,,0,0,,,,,,3,202505212115,34.603665033279,131.799331,,,1,0,0,0,0,0,0,0,0,0,0,0,0,0,blue
t_travospublic_measure_5m_img.25624504.202505212115,87,,7810660,1,20250521,2115,0,0,,,,,,0,0,,,,,,3,202505212115,34.56766203323026,131.793408,,,0,0,0,0,0,0,0,0,0,0,0,0,0,0,blue
t_travospublic_measure_5m_img.25624505.202505212115,87,,7810670,1,20250521,2115,0,0,,,,,,0,0,,,,,,3,202505212115,34.4411940330582,131.772423,,,0,0,0,0,0,0,0,0,0,0,0,0,0,0,blue
t_travospublic_measure_5m_img.25624506.202505212115,87,,7810680,1,20250521,2115,25,7,,,,,,40,2,,,,,,3,202505212115,35.44391203438301,133.070902,,,32,0,42,0,0,0,0,0,0,0,0,0,0,0,blue
t_travospublic_measure_5m_img.25624507.202505212115,87,,7810690,1,20250521,2115,20,1,,,,,,28,4,,,,,,3,202505212115,35.435857034372745,133.036623,,,21,0,32,0,0,0,0,0,0,0,0,0,0,0,blue
t_travospublic_measure_5m_img.25624508.202505212115,87,,7810730,1,20250521,2115,11,4,,,,,,0,0,,,,,,3,202505212115,35.0087950338194,132.223163,,,15,0,0,0,0,0,0,0,0,0,0,0,0,0,blue
t_travospublic_measure_5m_img.25624509.202505212115,87,,7810780,1,20250521,2115,,,,,,,,,,,,,,,3,202505212115,34.245635032789465,131.522947,,,,,,,1,,,,,,,,,,blue
t_travospublic_measure_5m_img.25624510.202505212115,87,,7810790,1,20250521,2115,,,,,,,,,,,,,,,3,202505212115,34.190602032713265,131.483723,,,,,,,1,,,,,,,,,,blue
t_travospublic_measure_5m_img.25624511.202505212115,87,,7810830,1,20250521,2115,,,,,,,,,,,,,,,3,202505212115,35.36752203428536,134.328439,,,,,,,1,,,,,,,,,,blue
t_travospublic_measure_5m_img.25624512.202505212115,87,,7810840,1,20250521,2115,,,,,,,,,,,,,,,3,202505212115,35.47203803441882,134.240441,,,,,,,1,,,,,,,,,,blue
t_travospublic_measure_5m_img.25624513.202505212115,87,,7810850,1,20250521,2115,,,,,,,,,,,,,,,3,202505212115,35.49999403445436,134.20171,,,,,,,0,0,0,0,0,1,1,0,1,0,blue
t_travospublic_measure_5m_img.25624514.202505212115,87,,7810870,1,20250521,2115,,,,,,,,,,,,,,,3,202505212115,34.52362703317051,133.901839,,,,,,,1,,,,,,,,,,blue
t_travospublic_measure_5m_img.25624515.202505212115,87,,7810900,1,20250521,2115,5,0,,,,,,13,1,,,,,,3,202505212115,34.9118280336914,133.946407,,,5,0,14,0,0,0,0,0,0,0,0,0,0,0,blue
t_travospublic_measure_5m_img.25624516.202505212115,87,,7810940,1,20250521,2115,,,,,,,,,,,,,,,3,202505212115,35.342837034253684,134.203706,,,,,,,0,0,0,0,0,1,1,0,1,0,blue
t_travospublic_measure_5m_img.25624517.202505212115,87,,7810950,1,20250521,2115,,,,,,,,,,,,,,,3,202505212115,35.3698230342883,134.215379,,,,,,,1,,,,,,,,,,blue
t_travospublic_measure_5m_img.25624518.202505212115,87,,7810960,1,20250521,2115,7,0,,,,,,6,1,,,,,,3,202505212115,34.64456803333422,132.667015,,,7,0,7,0,0,0,0,0,0,0,0,0,0,0,blue
t_travospublic_measure_5m_img.25624519.202505212115,87,,7810970,1,20250521,2115,0,0,,,,,,1,0,,,,,,3,202505212115,34.68134903338374,132.742245,,,0,0,1,0,0,0,0,0,0,0,0,0,0,0,blue
t_travospublic_measure_5m_img.25624520.202505212115,87,,7810980,1,20250521,2115,1,0,,,,,,8,0,,,,,,3,202505212115,34.81798703356671,132.823527,,,1,0,8,0,0,0,0,0,0,0,0,0,0,0,blue
t_travospublic_measure_5m_img.25624521.202505212115,87,,7810990,1,20250521,2115,7,0,,,,,,1,1,,,,,,3,202505212115,34.86090703362384,132.793186,,,7,0,2,0,0,0,0,0,0,0,0,0,0,0,blue
t_travospublic_measure_5m_img.25624522.202505212115,87,,7811020,1,20250521,2115,2,0,,,,,,7,0,,,,,,3,202505212115,35.33258003424051,132.907662,,,2,0,7,0,0,0,0,0,0,0,0,0,0,0,blue
t_travospublic_measure_5m_img.25624523.202505212115,87,,7811070,1,20250521,2115,29,0,,,,,,1,0,,,,,,3,202505212115,34.23547503277542,132.6053,,,29,0,1,0,0,0,0,0,0,0,0,0,0,0,blue
t_travospublic_measure_5m_img.25624524.202505212115,87,,7811080,1,20250521,2115,4,0,,,,,,14,0,,,,,,3,202505212115,34.220918032755264,132.662702,,,4,0,14,0,0,0,0,0,0,0,0,0,0,0,blue
t_travospublic_measure_5m_img.25624525.202505212115,87,,7811090,1,20250521,2115,2,0,,,,,,6,0,,,,,,3,202505212115,34.27213903282609,132.728126,,,2,0,6,0,0,0,0,0,0,0,0,0,0,0,blue
t_travospublic_measure_5m_img.25624526.202505212115,87,,7811100,1,20250521,2115,3,0,,,,,,0,0,,,,,,3,202505212115,34.33997203291951,132.948483,,,3,0,0,0,0,0,0,0,0,0,0,0,0,0,blue
t_travospublic_measure_5m_img.25624527.202505212115,87,,7811120,1,20250521,2115,0,0,,,,,,0,0,,,,,,3,202505212115,33.9055670323146,132.028679,,,0,0,0,0,0,0,0,0,0,0,0,0,0,0,blue
t_travospublic_measure_5m_img.25624528.202505212115,87,,7811130,1,20250521,2115,0,0,,,,,,0,0,,,,,,3,202505212115,33.93038903234958,131.978502,,,0,0,0,0,0,0,0,0,0,0,0,0,0,0,blue
t_travospublic_measure_5m_img.25624529.202505212115,87,,7811140,1,20250521,2115,0,0,,,,,,0,0,,,,,,3,202505212115,33.976741032414765,131.89892000000003,,,0,0,0,0,0,0,0,0,0,0,0,0,0,0,blue
t_travospublic_measure_5m_img.25624530.202505212115,87,,7811150,1,20250521,2115,0,0,,,,,,0,0,,,,,,3,202505212115,33.97531203241275,131.223377,,,0,0,0,0,0,0,0,0,0,0,0,0,0,0,blue
t_travospublic_measure_5m_img.25624531.202505212115,87,,7811160,1,20250521,2115,6,1,,,,,,10,1,,,,,,3,202505212115,34.0254670324831,131.108286,,,7,0,11,0,0,0,0,0,0,0,0,0,0,0,blue
t_travospublic_measure_5m_img.25624532.202505212115,87,,7811170,1,20250521,2115,0,0,,,,,,0,0,,,,,,3,202505212115,34.06179303253392,130.910708,,,0,0,0,0,0,0,0,0,0,0,0,0,0,0,blue
t_travospublic_measure_5m_img.25624533.202505212115,87,,7811190,1,20250521,2115,0,0,,,,,,0,0,,,,,,3,202505212115,34.372636032964365,131.13719,,,0,0,0,0,0,0,0,0,0,0,0,0,0,0,blue
t_travospublic_measure_5m_img.25624534.202505212115,87,,7811200,1,20250521,2115,0,0,,,,,,0,0,,,,,,3,202505212115,34.36655403295601,131.21721,,,0,0,0,0,0,0,0,0,0,0,0,0,0,0,blue
t_travospublic_measure_5m_img.25624535.202505212115,87,,7811210,1,20250521,2115,0,0,,,,,,0,0,,,,,,3,202505212115,34.36556503295465,131.327923,,,0,0,0,0,0,0,0,0,0,0,0,0,0,0,blue
t_travospublic_measure_5m_img.25624536.202505212115,87,,7811220,1,20250521,2115,0,0,,,,,,0,0,,,,,,3,202505212115,34.46117103308548,131.429169,,,0,0,0,0,0,0,0,0,0,0,0,0,0,0,blue
t_travospublic_measure_5m_img.25624537.202505212115,87,,7811230,1,20250521,2115,1,1,,,,,,0,0,,,,,,3,202505212115,34.53625103318765,131.50609,,,2,0,0,0,0,0,0,0,0,0,0,0,0,0,blue
t_travospublic_measure_5m_img.25624538.202505212115,87,,7811240,1,20250521,2115,2,0,,,,,,0,0,,,,,,3,202505212115,33.97863403241742,130.917824,,,2,0,0,0,0,0,0,0,0,0,0,0,0,0,blue
t_travospublic_measure_5m_img.25624539.202505212115,87,,7811250,1,20250521,2115,,,,,,,,,,,,,,,3,202505212115,34.371174032962365,131.269202,,,,,,,1,,,,,,,,,,blue
t_travospublic_measure_5m_img.25624540.202505212115,87,,7811260,1,20250521,2115,,,,,,,,,,,,,,,3,202505212115,34.386217032983,131.345346,,,,,,,1,,,,,,,,,,blue
t_travospublic_measure_5m_img.25624541.202505212115,87,,7811280,1,20250521,2115,0,0,,,,,,9,0,,,,,,3,202505212115,33.98188003242198,130.919334,,,0,0,9,0,0,0,0,0,0,0,0,0,0,0,blue
t_travospublic_measure_5m_img.25624542.202505212115,87,,7811310,1,20250521,2115,9,0,,,,,,9,1,,,,,,3,202505212115,34.274175032828886,132.632159,,,9,0,10,0,0,0,0,0,0,0,0,0,0,0,blue
t_travospublic_measure_5m_img.25624543.202505212115,88,,8810010,1,20250521,2115,,,,,,,,,,,,,,,3,202505212115,34.22576903276199,134.506281,,,,,,,1,0,0,0,0,0,0,0,0,0,blue
t_travospublic_measure_5m_img.25624544.202505212115,88,,8810040,1,20250521,2115,4,2,,,,,,0,0,,,,,,3,202505212115,34.21202803274294,134.426444,,,6,0,0,0,0,0,0,0,0,0,0,0,0,0,blue
t_travospublic_measure_5m_img.25624545.202505212115,88,,8810050,1,20250521,2115,,,,,,,,,,,,,,,3,202505212115,34.2426940327854,134.369389,,,,,,,1,0,0,0,0,0,0,0,0,0,blue
t_travospublic_measure_5m_img.25624546.202505212115,88,,8810060,1,20250521,2115,,,,,,,,,,,,,,,3,202505212115,34.24194403278437,134.333056,,,,,,,1,0,0,0,0,0,0,0,0,0,blue
t_travospublic_measure_5m_img.25624547.202505212115,88,,8810070,1,20250521,2115,2,0,,,,,,4,0,,,,,,3,202505212115,34.3096610328778,134.235686,,,2,0,4,0,0,0,0,0,0,0,0,0,0,0,blue
t_travospublic_measure_5m_img.25624548.202505212115,88,,8810080,1,20250521,2115,,,,,,,,,,,,,,,3,202505212115,34.323825032897304,134.203003,,,,,,,1,0,0,0,0,0,0,0,0,0,blue
t_travospublic_measure_5m_img.25624549.202505212115,88,,8810090,1,20250521,2115,,,,,,,,,,,,,,,3,202505212115,34.31055603287904,134.040556,,,,,,,1,0,0,0,0,0,0,0,0,0,blue
t_travospublic_measure_5m_img.25624550.202505212115,88,,8810100,1,20250521,2115,,,,,,,,,,,,,,,3,202505212115,34.31083303287942,134.040833,,,,,,,1,0,0,0,0,0,0,0,0,0,blue
t_travospublic_measure_5m_img.25624551.202505212115,88,,8810110,1,20250521,2115,,,,,,,,,,,,,,,3,202505212115,34.296344462859466,133.9267892,,,,,,,1,0,0,0,0,0,0,0,0,0,blue
t_travospublic_measure_5m_img.25624552.202505212115,88,,8810120,1,20250521,2115,,,,,,,,,,,,,,,3,202505212115,34.30830303287593,133.886,,,,,,,1,0,0,0,0,0,0,0,0,0,blue
t_travospublic_measure_5m_img.25624553.202505212115,88,,8810130,1,20250521,2115,,,,,,,,,,,,,,,3,202505212115,34.28116903283854,133.818719,,,,,,,1,0,0,0,0,0,0,0,0,0,blue
t_travospublic_measure_5m_img.25624554.202505212115,88,,8810150,1,20250521,2115,,,,,,,,,,,,,,,3,202505212115,33.79388903215663,132.931944,,,,,,,1,0,0,0,0,0,0,0,0,0,blue
t_travospublic_measure_5m_img.25624555.202505212115,88,,8810160,1,20250521,2115,,,,,,,,,,,,,,,3,202505212115,34.251008032796896,133.916925,,,,,,,1,0,0,0,0,0,0,0,0,0,blue
t_travospublic_measure_5m_img.25624556.202505212115,88,,8810170,1,20250521,2115,,,,,,,,,,,,,,,3,202505212115,34.183472032703364,133.834944,,,,,,,1,0,0,0,0,0,0,0,0,0,blue
t_travospublic_measure_5m_img.25624557.202505212115,88,,8810180,1,20250521,2115,,,,,,,,,,,,,,,3,202505212115,34.15741703266719,133.82277800000003,,,,,,,1,0,0,0,0,0,0,0,0,0,blue
t_travospublic_measure_5m_img.25624558.202505212115,88,,8810210,1,20250521,2115,,,,,,,,,,,,,,,3,202505212115,34.02985603248925,133.814811,,,,,,,1,0,0,0,0,0,0,0,0,0,blue
t_travospublic_measure_5m_img.25624559.202505212115,88,,8810220,1,20250521,2115,,,,,,,,,,,,,,,3,202505212115,33.99827503244498,133.788456,,,,,,,1,0,0,0,0,0,0,0,0,0,blue
t_travospublic_measure_5m_img.25624560.202505212115,88,,8810270,1,20250521,2115,0,0,,,,,,1,1,,,,,,3,202505212115,33.699149792021856,133.6898053,,,0,0,2,0,0,0,0,0,0,0,0,0,0,0,blue
t_travospublic_measure_5m_img.25624561.202505212115,88,,8810310,1,20250521,2115,,,,,,,,,,,,,,,3,202505212115,33.65416703195762,133.66,,,,,,,1,0,0,0,0,0,0,0,0,0,blue
t_travospublic_measure_5m_img.25624562.202505212115,88,,8810350,1,20250521,2115,0,0,,,,,,1,0,,,,,,3,202505212115,33.54658334180337,133.423537,,,0,0,1,0,0,0,0,0,0,0,0,0,0,0,blue
t_travospublic_measure_5m_img.25624563.202505212115,88,,8810380,1,20250521,2115,0,0,,,,,,0,0,,,,,,3,202505212115,33.555000031815474,133.139444,,,0,0,0,0,0,0,0,0,0,0,0,0,0,0,blue
t_travospublic_measure_5m_img.25624564.202505212115,88,,8810400,1,20250521,2115,,,,,,,,,,,,,,,3,202505212115,33.58111103185298,132.9925,,,,,,,1,0,0,0,0,0,0,0,0,0,blue
t_travospublic_measure_5m_img.25624565.202505212115,88,,8810410,1,20250521,2115,,,,,,,,,,,,,,,3,202505212115,33.61805603190595,132.933333,,,,,,,1,0,0,0,0,0,0,0,0,0,blue
t_travospublic_measure_5m_img.25624566.202505212115,88,,8810420,1,20250521,2115,,,,,,,,,,,,,,,3,202505212115,33.62777803191986,132.916389,,,,,,,1,0,0,0,0,0,0,0,0,0,blue
t_travospublic_measure_5m_img.25624567.202505212115,88,,8810430,1,20250521,2115,,,,,,,,,,,,,,,3,202505212115,33.646667031946905,132.905833,,,,,,,1,0,0,0,0,0,0,0,0,0,blue
t_travospublic_measure_5m_img.25624568.202505212115,88,,8810450,1,20250521,2115,,,,,,,,,,,,,,,3,202505212115,33.68178252199708,132.8835762,,,,,,,1,0,0,0,0,0,0,0,0,0,blue
t_travospublic_measure_5m_img.25624569.202505212115,88,,8810510,1,20250521,2115,,,,,,,,,,,,,,,3,202505212115,33.73555603207373,132.811667,,,,,,,1,0,0,0,0,0,0,0,0,0,blue
t_travospublic_measure_5m_img.25624570.202505212115,88,,8810520,1,20250521,2115,,,,,,,,,,,,,,,6,202505212115,33.80277803216924,132.7775,,,,,,,1,0,0,0,0,0,0,0,0,0,blue
t_travospublic_measure_5m_img.25624571.202505212115,88,,8810530,1,20250521,2115,,,,,,,,,,,,,,,3,202505212115,33.80679213217494,132.7455604,,,,,,,1,0,0,0,0,0,0,0,0,0,blue
t_travospublic_measure_5m_img.25624572.202505212115,88,,8810560,1,20250521,2115,,,,,,,,,,,,,,,3,202505212115,33.883114032282926,134.645522,,,,,,,1,0,0,0,0,0,0,0,0,0,blue
t_travospublic_measure_5m_img.25624573.202505212115,88,,8810570,1,20250521,2115,,,,,,,,,,,,,,,3,202505212115,33.87310303226879,134.637228,,,,,,,1,0,0,0,0,0,0,0,0,0,blue
t_travospublic_measure_5m_img.25624574.202505212115,88,,8810580,1,20250521,2115,,,,,,,,,,,,,,,3,202505212115,33.8064830321745,134.590708,,,,,,,1,0,0,0,0,0,0,0,0,0,blue
t_travospublic_measure_5m_img.25624575.202505212115,88,,8810640,1,20250521,2115,,,,,,,,,,,,,,,3,202505212115,33.72289703205572,134.519397,,,,,,,1,0,0,0,0,0,0,0,0,0,blue
t_travospublic_measure_5m_img.25624576.202505212115,88,,8810660,1,20250521,2115,1,0,,,,,,2,0,,,,,,3,202505212115,33.66041903196656,134.406369,,,1,0,2,0,0,0,0,0,0,0,0,0,0,0,blue
t_travospublic_measure_5m_img.25624577.202505212115,88,,8810670,1,20250521,2115,,,,,,,,,,,,,,,3,202505212115,33.58200303185425,134.323467,,,,,,,1,0,0,0,0,0,0,0,0,0,blue
t_travospublic_measure_5m_img.25624578.202505212115,88,,8810690,1,20250521,2115,0,0,,,,,,0,0,,,,,,3,202505212115,33.49111103172349,134.261667,,,0,0,0,0,0,0,0,0,0,0,0,0,0,0,blue
t_travospublic_measure_5m_img.25624579.202505212115,88,,8810720,1,20250521,2115,0,0,,,,,,0,0,,,,,,3,202505212115,33.33499901149748,134.1973409,,,0,0,0,0,0,0,0,0,0,0,0,0,0,0,blue
t_travospublic_measure_5m_img.25624580.202505212115,88,,8810730,1,20250521,2115,0,0,,,,,,0,0,,,,,,3,202505212115,33.2510477313752,134.1807112,,,0,0,0,0,0,0,0,0,0,0,0,0,0,0,blue
t_travospublic_measure_5m_img.25624581.202505212115,88,,8810740,1,20250521,2115,,,,,,,,,,,,,,,3,202505212115,33.29972203144615,134.123333,,,,,,,1,0,0,0,0,0,0,0,0,0,blue
t_travospublic_measure_5m_img.25624582.202505212115,88,,8810750,1,20250521,2115,,,,,,,,,,,,,,,3,202505212115,33.371439791550394,134.039855,,,,,,,1,0,0,0,0,0,0,0,0,0,blue
t_travospublic_measure_5m_img.25624583.202505212115,88,,8810760,1,20250521,2115,0,0,,,,,,0,0,,,,,,3,202505212115,33.42416703162678,134.023333,,,0,0,0,0,0,0,0,0,0,0,0,0,0,0,blue
t_travospublic_measure_5m_img.25624584.202505212115,88,,8810780,1,20250521,2115,0,0,,,,,,0,0,,,,,,3,202505212115,33.441944031652504,133.966111,,,0,0,0,0,0,0,0,0,0,0,0,0,0,0,blue
t_travospublic_measure_5m_img.25624585.202505212115,88,,8810820,1,20250521,2115,9,0,,,,,,2,0,,,,,,3,202505212115,33.5033880317412,133.878652,,,9,0,2,0,0,0,0,0,0,0,0,0,0,0,blue
t_travospublic_measure_5m_img.25624586.202505212115,88,,8810840,1,20250521,2115,,,,,,,,,,,,,,,3,202505212115,33.525000031772315,133.760278,,,,,,,1,0,0,0,0,0,0,0,0,0,blue
t_travospublic_measure_5m_img.25624587.202505212115,88,,8810850,1,20250521,2115,,,,,,,,,,,,,,,3,202505212115,33.42055603162157,133.301944,,,,,,,1,0,0,0,0,0,0,0,0,0,blue
t_travospublic_measure_5m_img.25624588.202505212115,88,,8810880,1,20250521,2115,,,,,,,,,,,,,,,3,202505212115,33.3074340314574,133.179556,,,,,,,1,0,0,0,0,0,0,0,0,0,blue
t_travospublic_measure_5m_img.25624589.202505212115,88,,8810890,1,20250521,2115,0,0,,,,,,0,0,,,,,,3,202505212115,33.28855103142989,133.172023,,,0,0,0,0,0,0,0,0,0,0,0,0,0,0,blue
t_travospublic_measure_5m_img.25624590.202505212115,88,,8810910,1,20250521,2115,1,0,,,,,,4,0,,,,,,3,202505212115,33.266597031397886,133.171467,,,1,0,4,0,0,0,0,0,0,0,0,0,0,0,blue
t_travospublic_measure_5m_img.25624591.202505212115,88,,8810920,1,20250521,2115,0,0,,,,,,2,0,,,,,,3,202505212115,33.21880803132811,133.140708,,,0,0,2,0,0,0,0,0,0,0,0,0,0,0,blue
t_travospublic_measure_5m_img.25624592.202505212115,88,,8810940,1,20250521,2115,,,,,,,,,,,,,,,3,202505212115,33.0089042010197,132.9856986,,,,,,,1,0,0,0,0,0,0,0,0,0,blue
t_travospublic_measure_5m_img.25624593.202505212115,88,,8810960,1,20250521,2115,1,0,,,,,,15,0,,,,,,3,202505212115,32.97816103097427,132.889125,,,1,0,15,0,0,0,0,0,0,0,0,0,0,0,blue
t_travospublic_measure_5m_img.25624594.202505212115,88,,8810970,1,20250521,2115,4,1,,,,,,8,0,,,,,,3,202505212115,32.977644030973515,132.885636,,,5,0,8,0,0,0,0,0,0,0,0,0,0,0,blue
t_travospublic_measure_5m_img.25624595.202505212115,88,,8811000,1,20250521,2115,,,,,,,,,,,,,,,3,202505212115,32.96687203095758,132.865489,,,,,,,1,0,0,0,0,0,0,0,0,0,blue
t_travospublic_measure_5m_img.25624596.202505212115,88,,8811020,1,20250521,2115,0,0,,,,,,0,0,,,,,,3,202505212115,32.96457803095418,132.816661,,,0,0,0,0,0,0,0,0,0,0,0,0,0,0,blue
t_travospublic_measure_5m_img.25624597.202505212115,88,,8811040,1,20250521,2115,1,0,,,,,,0,0,,,,,,3,202505212115,32.95833303094494,132.796389,,,1,0,0,0,0,0,0,0,0,0,0,0,0,0,blue
t_travospublic_measure_5m_img.25624598.202505212115,88,,8811050,1,20250521,2115,0,0,,,,,,1,0,,,,,,3,202505212115,32.93641403091248,132.736475,,,0,0,1,0,0,0,0,0,0,0,0,0,0,0,blue
t_travospublic_measure_5m_img.25624599.202505212115,88,,8811070,1,20250521,2115,0,0,,,,,,0,0,,,,,,3,202505212115,32.970303030962654,132.665209,,,0,0,0,0,0,0,0,0,0,0,0,0,0,0,blue
t_travospublic_measure_5m_img.25624600.202505212115,88,,8811080,1,20250521,2115,0,0,,,,,,3,0,,,,,,3,202505212115,32.95232903093605,132.60067,,,0,0,3,0,0,0,0,0,0,0,0,0,0,0,blue
t_travospublic_measure_5m_img.25624601.202505212115,88,,8811090,1,20250521,2115,2,0,,,,,,3,0,,,,,,3,202505212115,32.9541190309387,132.584276,,,2,0,3,0,0,0,0,0,0,0,0,0,0,0,blue
t_travospublic_measure_5m_img.25624602.202505212115,88,,8811110,1,20250521,2115,0,0,,,,,,0,0,,,,,,3,202505212115,33.04654603107523,132.48536,,,0,0,0,0,0,0,0,0,0,0,0,0,0,0,blue
t_travospublic_measure_5m_img.25624603.202505212115,88,,8811130,1,20250521,2115,2,0,,,,,,4,0,,,,,,3,202505212115,33.0789110311229,132.49507,,,2,0,4,0,0,0,0,0,0,0,0,0,0,0,blue
t_travospublic_measure_5m_img.25624604.202505212115,88,,8811140,1,20250521,2115,0,0,,,,,,0,0,,,,,,3,202505212115,33.11350003117377,132.518333,,,0,0,0,0,0,0,0,0,0,0,0,0,0,0,blue
t_travospublic_measure_5m_img.25624605.202505212115,88,,8811150,1,20250521,2115,1,0,,,,,,2,1,,,,,,3,202505212115,33.12469803119022,132.521282,,,1,0,3,0,0,0,0,0,0,0,0,0,0,0,blue
t_travospublic_measure_5m_img.25624606.202505212115,88,,8811170,1,20250521,2115,0,0,,,,,,0,0,,,,,,3,202505212115,33.49517003172935,132.54537,,,0,0,0,0,0,0,0,0,0,0,0,0,0,0,blue
t_travospublic_measure_5m_img.25624607.202505212115,88,,8811180,1,20250521,2115,3,0,,,,,,1,0,,,,,,3,202505212115,33.15677703123728,132.5469,,,3,0,1,0,0,0,0,0,0,0,0,0,0,0,blue
t_travospublic_measure_5m_img.25624608.202505212115,88,,8811190,1,20250521,2115,1,0,,,,,,5,0,,,,,,3,202505212115,33.264024031394136,132.552651,,,1,0,5,0,0,0,0,0,0,0,0,0,0,0,blue
t_travospublic_measure_5m_img.25624609.202505212115,88,,8811210,1,20250521,2115,,,,,,,,,,,,,,,3,202505212115,33.23340003134943,132.559577,,,,,,,1,0,0,0,0,0,0,0,0,0,blue
t_travospublic_measure_5m_img.25624610.202505212115,88,,8811220,1,20250521,2115,4,0,,,,,,2,0,,,,,,3,202505212115,33.21975503132949,132.55883,,,4,0,2,0,0,0,0,0,0,0,0,0,0,0,blue
t_travospublic_measure_5m_img.25624611.202505212115,88,,8811230,1,20250521,2115,11,0,,,,,,23,0,,,,,,3,202505212115,33.21400003132108,132.545961,,,11,0,23,0,0,0,0,0,0,0,0,0,0,0,blue
t_travospublic_measure_5m_img.25624612.202505212115,88,,8811240,1,20250521,2115,1,0,,,,,,0,0,,,,,,3,202505212115,33.187563031282394,132.543219,,,1,0,0,0,0,0,0,0,0,0,0,0,0,0,blue
t_travospublic_measure_5m_img.25624613.202505212115,88,,8811250,1,20250521,2115,,,,,,,,,,,,,,,3,202505212115,33.623917031914345,132.69675,,,,,,,1,0,0,0,0,0,0,0,0,0,blue
t_travospublic_measure_5m_img.25624614.202505212115,88,,8811270,1,20250521,2115,,,,,,,,,,,,,,,3,202505212115,33.65575003195989,132.708361,,,,,,,1,0,0,0,0,0,0,0,0,0,blue
t_travospublic_measure_5m_img.25624615.202505212115,88,,8811300,1,20250521,2115,8,0,,,,,,7,0,,,,,,3,202505212115,33.701111032024656,132.7075,,,8,0,7,0,0,0,0,0,0,0,0,0,0,0,blue
t_travospublic_measure_5m_img.25624616.202505212115,88,,8811320,1,20250521,2115,,,,,,,,,,,,,,,3,202505212115,33.99242782243679,133.6034113,,,,,,,1,0,0,0,0,0,0,0,0,0,blue
t_travospublic_measure_5m_img.25624617.202505212115,88,,8811360,1,20250521,2115,,,,,,,,,,,,,,,3,202505212115,34.015556032469206,133.77361100000002,,,,,,,1,0,0,0,0,0,0,0,0,0,blue
t_travospublic_measure_5m_img.25624618.202505212115,88,,8811430,1,20250521,2115,,,,,,,,,,,,,,,3,202505212115,33.981944032422064,132.778333,,,,,,,1,0,0,0,0,0,0,0,0,0,blue
t_travospublic_measure_5m_img.25624619.202505212115,88,,8811450,1,20250521,2115,,,,,,,,,,,,,,,3,202505212115,33.98044403241997,133.057088,,,,,,,1,0,0,0,0,0,0,0,0,0,blue
t_travospublic_measure_5m_img.25624620.202505212115,89,,9810010,1,20250521,2115,0,0,,,,,,1,0,,,,,,3,202505212115,33.86852803226232,130.79675,,,0,0,1,0,0,0,0,0,0,0,0,0,0,0,blue
t_travospublic_measure_5m_img.25624621.202505212115,89,,9810020,1,20250521,2115,,,,,,,,,,,,,,,3,202505212115,33.835259032215276,130.608521,,,,,,,1,0,0,0,0,0,0,0,0,0,blue
t_travospublic_measure_5m_img.25624622.202505212115,89,,9810030,1,20250521,2115,,,,,,,,,,,,,,,3,202505212115,33.78978203215081,130.567337,,,,,,,1,0,0,0,0,0,0,0,0,0,blue
t_travospublic_measure_5m_img.25624623.202505212115,89,,9810040,1,20250521,2115,24,3,,,,,,51,1,,,,,,3,202505212115,33.744955032087105,130.488242,,,27,0,52,0,0,0,0,0,0,0,0,0,0,0,blue
t_travospublic_measure_5m_img.25624624.202505212115,89,,9810050,1,20250521,2115,49,0,,,,,,46,1,,,,,,3,202505212115,33.73691203207566,130.478193,,,49,0,47,0,0,0,0,0,0,0,0,0,0,0,blue
t_travospublic_measure_5m_img.25624625.202505212115,89,,9810070,1,20250521,2115,9,0,,,,,,49,1,,,,,,3,202505212115,33.52600403177376,130.49557,,,9,0,50,0,0,0,0,0,0,0,0,0,0,0,blue
t_travospublic_measure_5m_img.25624626.202505212115,89,,9810080,1,20250521,2115,30,0,,,,,,25,1,,,,,,3,202505212115,33.51100303175216,130.511069,,,30,0,26,0,0,0,0,0,0,0,0,0,0,0,blue
t_travospublic_measure_5m_img.25624627.202505212115,89,,9810090,1,20250521,2115,32,0,,,,,,62,4,,,,,,3,202505212115,33.510200031751005,130.520977,,,32,0,66,0,0,0,0,0,0,0,0,0,0,0,blue
t_travospublic_measure_5m_img.25624628.202505212115,89,,9810100,1,20250521,2115,45,1,,,,,,53,2,,,,,,3,202505212115,33.477797031704284,130.53932,,,46,0,55,0,0,0,0,0,0,0,0,0,0,0,blue
t_travospublic_measure_5m_img.25624629.202505212115,89,,9810110,1,20250521,2115,0,0,,,,,,16,3,,,,,,3,202505212115,33.44687903165964,130.541025,,,0,0,19,0,0,0,0,0,0,0,0,0,0,0,blue
t_travospublic_measure_5m_img.25624630.202505212115,89,,9810120,1,20250521,2115,13,2,,,,,,20,4,,,,,,3,202505212115,33.33966203150427,130.525942,,,15,0,24,0,0,0,0,0,0,0,0,0,0,0,blue
t_travospublic_measure_5m_img.25624631.202505212115,89,,9810130,1,20250521,2115,0,0,,,,,,3,1,,,,,,3,202505212115,33.19870703129871,130.60119,,,0,0,4,0,0,0,0,0,0,0,0,0,0,0,blue
t_travospublic_measure_5m_img.25624632.202505212115,89,,9810140,1,20250521,2115,2,1,,,,,,1,0,,,,,,3,202505212115,33.170447031257325,130.617432,,,3,0,1,0,0,0,0,0,0,0,0,0,0,0,blue
t_travospublic_measure_5m_img.25624633.202505212115,89,,9810150,1,20250521,2115,,,,,,,,,,,,,,,3,202505212115,33.86806903226167,130.775199,,,,,,,1,0,0,0,0,0,0,0,0,0,blue
t_travospublic_measure_5m_img.25624634.202505212115,89,,9810160,1,20250521,2115,,,,,,,,,,,,,,,3,202505212115,33.86432503225638,130.74688,,,,,,,1,0,0,0,0,0,0,0,0,0,blue
t_travospublic_measure_5m_img.25624635.202505212115,89,,9810170,1,20250521,2115,24,0,,,,,,56,2,,,,,,3,202505212115,33.648732031949855,130.441499,,,24,0,58,0,0,0,0,0,0,0,0,0,0,0,blue
t_travospublic_measure_5m_img.25624636.202505212115,89,,9810180,1,20250521,2115,78,5,,,,,,59,9,,,,,,3,202505212115,33.61500003190157,130.438611,,,83,0,68,0,0,0,0,0,0,0,0,0,0,0,blue
t_travospublic_measure_5m_img.25624637.202505212115,89,,9810190,1,20250521,2115,,,,,,,,,,,,,,,3,202505212115,33.4496850316637,130.546326,,,,,,,1,0,0,0,0,0,0,0,0,0,blue
t_travospublic_measure_5m_img.25624638.202505212115,89,,9810200,1,20250521,2115,,,,,,,,,,,,,,,3,202505212115,33.41916903161956,130.532642,,,,,,,1,0,0,0,0,0,0,0,0,0,blue
t_travospublic_measure_5m_img.25624639.202505212115,89,,9810210,1,20250521,2115,13,4,,,,,,24,4,,,,,,3,202505212115,32.92737203089908,130.698429,,,17,0,28,0,0,0,0,0,0,0,0,0,0,0,blue
t_travospublic_measure_5m_img.25624640.202505212115,89,,9810230,1,20250521,2115,7,4,,,,,,4,1,,,,,,3,202505212115,32.33541003001024,130.485852,,,11,0,5,0,0,0,0,0,0,0,0,0,0,0,blue
t_travospublic_measure_5m_img.25624641.202505212115,89,,9810250,1,20250521,2115,,,,,,,,,,,,,,,3,202505212115,32.10065202965169,130.308808,,,,,,,1,0,0,0,0,0,0,0,0,0,blue
t_travospublic_measure_5m_img.25624642.202505212115,89,,9810260,1,20250521,2115,,,,,,,,,,,,,,,3,202505212115,32.06933302960361,130.240833,,,,,,,1,0,0,0,0,0,0,0,0,0,blue
t_travospublic_measure_5m_img.25624643.202505212115,89,,9810270,1,20250521,2115,,,,,,,,,,,,,,,3,202505212115,32.05996802958923,130.223169,,,,,,,1,0,0,0,0,0,0,0,0,0,blue
t_travospublic_measure_5m_img.25624644.202505212115,89,,9810280,1,20250521,2115,,,,,,,,,,,,,,,3,202505212115,32.00103302949858,130.195866,,,,,,,1,0,0,0,0,0,0,0,0,0,blue
t_travospublic_measure_5m_img.25624645.202505212115,89,,9810290,1,20250521,2115,,,,,,,,,,,,,,,3,202505212115,31.77354502914685,130.301221,,,,,,,1,0,0,0,0,0,0,0,0,0,blue
t_travospublic_measure_5m_img.25624646.202505212115,89,,9810300,1,20250521,2115,,,,,,,,,,,,,,,3,202505212115,31.752394029113987,130.297198,,,,,,,1,0,0,0,0,0,0,0,0,0,blue
t_travospublic_measure_5m_img.25624647.202505212115,89,,9810310,1,20250521,2115,,,,,,,,,,,,,,,3,202505212115,31.671780028988586,130.334671,,,,,,,1,0,0,0,0,0,0,0,0,0,blue
t_travospublic_measure_5m_img.25624648.202505212115,89,,9810320,1,20250521,2115,,,,,,,,,,,,,,,3,202505212115,31.644384028945897,130.514685,,,,,,,1,0,0,0,0,0,0,0,0,0,blue
t_travospublic_measure_5m_img.25624649.202505212115,89,,9810330,1,20250521,2115,48,0,,,,,,35,2,,,,,,3,202505212115,31.593127028865894,130.55217,,,48,0,37,0,0,0,0,0,0,0,0,0,0,0,blue
t_travospublic_measure_5m_img.25624650.202505212115,89,,9810340,1,20250521,2115,,,,,,,,,,,,,,,3,202505212115,31.774587029148464,130.294585,,,,,,,1,0,0,0,0,0,0,0,0,0,blue
t_travospublic_measure_5m_img.25624651.202505212115,89,,9810350,1,20250521,2115,,,,,,,,6,0,,,,,,3,202505212115,31.586173028855043,130.521497,,,,,6,0,0,0,0,0,0,0,0,0,0,0,blue
t_travospublic_measure_5m_img.25624652.202505212115,89,,9810360,1,20250521,2115,0,0,,,,,,4,1,,,,,,3,202505212115,33.6356250319311,131.074923,,,0,0,5,0,0,0,0,0,0,0,0,0,0,0,blue
t_travospublic_measure_5m_img.25624653.202505212115,89,,9810370,1,20250521,2115,,,,,,,,,,,,,,,3,202505212115,33.60811903189171,131.1134,,,,,,,1,0,0,0,0,0,0,0,0,0,blue
t_travospublic_measure_5m_img.25624654.202505212115,89,,9810380,1,20250521,2115,7,0,,,,,,5,3,,,,,,3,202505212115,33.55407703181414,131.25154,,,7,0,8,0,0,0,0,0,0,0,0,0,0,0,blue
t_travospublic_measure_5m_img.25624655.202505212115,89,,9810390,1,20250521,2115,,,,,,,,,,,,,,,3,202505212115,33.47356403169818,131.495973,,,,,,,1,0,0,0,0,0,0,0,0,0,blue
t_travospublic_measure_5m_img.25624656.202505212115,89,,9810400,1,20250521,2115,7,5,,,,,,6,1,,,,,,3,202505212115,33.4199570316207,131.549075,,,12,0,7,0,0,0,0,0,0,0,0,0,0,0,blue
t_travospublic_measure_5m_img.25624657.202505212115,89,,9810410,1,20250521,2115,27,0,,,,,,1,0,,,,,,3,202505212115,33.35718603152971,131.497308,,,27,0,1,0,0,0,0,0,0,0,0,0,0,0,blue
t_travospublic_measure_5m_img.25624658.202505212115,89,,9810420,1,20250521,2115,3,0,,,,,,72,6,,,,,,3,202505212115,33.28844603142974,131.50415600000002,,,3,0,78,0,0,0,0,0,0,0,0,0,0,0,blue
t_travospublic_measure_5m_img.25624659.202505212115,89,,9810430,1,20250521,2115,,,,,,,,,,,,,,,3,202505212115,33.1773230312674,131.619615,,,,,,,1,0,0,0,0,0,0,0,0,0,blue
t_travospublic_measure_5m_img.25624660.202505212115,89,,9810440,1,20250521,2115,,,,,,,,13,0,,,,,,3,202505212115,33.091164031140934,131.647172,,,,,13,0,0,0,0,0,0,0,0,0,0,0,blue
t_travospublic_measure_5m_img.25624661.202505212115,89,,9810450,1,20250521,2115,0,0,,,,,,0,0,,,,,,3,202505212115,33.07813503112177,131.638559,,,0,0,0,0,0,0,0,0,0,0,0,0,0,0,blue
t_travospublic_measure_5m_img.25624662.202505212115,89,,9810460,1,20250521,2115,0,0,,,,,,6,0,,,,,,3,202505212115,33.03375103105637,131.689156,,,0,0,6,0,0,0,0,0,0,0,0,0,0,0,blue
t_travospublic_measure_5m_img.25624663.202505212115,89,,9810470,1,20250521,2115,2,0,,,,,,9,0,,,,,,3,202505212115,33.001599031008915,131.788698,,,2,0,9,0,0,0,0,0,0,0,0,0,0,0,blue
t_travospublic_measure_5m_img.25624664.202505212115,89,,9810480,1,20250521,2115,2,1,,,,,,0,0,,,,,,3,202505212115,32.95275303093668,131.841525,,,3,0,0,0,0,0,0,0,0,0,0,0,0,0,blue
t_travospublic_measure_5m_img.25624665.202505212115,89,,9810490,1,20250521,2115,0,0,,,,,,0,0,,,,,,3,202505212115,32.92192503089102,131.801353,,,0,0,0,0,0,0,0,0,0,0,0,0,0,0,blue
t_travospublic_measure_5m_img.25624666.202505212115,89,,9810500,1,20250521,2115,0,0,,,,,,0,0,,,,,,3,202505212115,32.84521503077709,131.718143,,,0,0,0,0,0,0,0,0,0,0,0,0,0,0,blue
t_travospublic_measure_5m_img.25624667.202505212115,89,,9810510,1,20250521,2115,0,0,,,,,,1,0,,,,,,3,202505212115,33.53550003178742,131.301439,,,0,0,1,0,0,0,0,0,0,0,0,0,0,0,blue
t_travospublic_measure_5m_img.25624668.202505212115,89,,9810520,1,20250521,2115,,,,,,,,22,0,,,,,,3,202505212115,33.17727003126732,131.636491,,,,,22,0,0,0,0,0,0,0,0,0,0,0,blue
t_travospublic_measure_5m_img.25624669.202505212115,89,,9810530,1,20250521,2115,0,0,,,,,,0,0,,,,,,3,202505212115,32.76588703065887,131.69922,,,0,0,0,0,0,0,0,0,0,0,0,0,0,0,blue
t_travospublic_measure_5m_img.25624670.202505212115,89,,9810540,1,20250521,2115,0,0,,,,,,0,0,,,,,,3,202505212115,32.73308003060985,131.712307,,,0,0,0,0,0,0,0,0,0,0,0,0,0,0,blue
t_travospublic_measure_5m_img.25624671.202505212115,89,,9810550,1,20250521,2115,1,0,,,,,,0,0,,,,,,3,202505212115,32.680641030531355,131.69547,,,1,0,0,0,0,0,0,0,0,0,0,0,0,0,blue
t_travospublic_measure_5m_img.25624672.202505212115,89,,9810560,1,20250521,2115,0,1,,,,,,0,0,,,,,,3,202505212115,32.6162990304348,131.682165,,,1,0,0,0,0,0,0,0,0,0,0,0,0,0,blue
t_travospublic_measure_5m_img.25624673.202505212115,89,,9810570,1,20250521,2115,0,0,,,,,,1,0,,,,,,3,202505212115,32.58759103039164,131.676921,,,0,0,1,0,0,0,0,0,0,0,0,0,0,0,blue
t_travospublic_measure_5m_img.25624674.202505212115,89,,9810580,1,20250521,2115,,,,,,,,,,,,,,,3,202505212115,32.56240603035372,131.681538,,,,,,,1,0,0,0,0,0,0,0,0,0,blue
t_travospublic_measure_5m_img.25624675.202505212115,89,,9810590,1,20250521,2115,,,,,,,,,,,,,,,3,202505212115,32.512945030279155,131.682071,,,,,,,1,0,0,0,0,0,0,0,0,0,blue
t_travospublic_measure_5m_img.25624676.202505212115,89,,9810600,1,20250521,2115,32,0,,,,,,0,0,,,,,,3,202505212115,32.505475030267874,131.671612,,,32,0,0,0,0,0,0,0,0,0,0,0,0,0,blue
t_travospublic_measure_5m_img.25624677.202505212115,89,,9810610,1,20250521,2115,,,,,,,,,,,,,,,3,202505212115,32.48380003023514,131.65983,,,,,,,1,0,0,0,0,0,0,0,0,0,blue
t_travospublic_measure_5m_img.25624678.202505212115,89,,9810620,1,20250521,2115,1,0,,,,,,8,1,,,,,,3,202505212115,32.44750003018023,131.634167,,,1,0,9,0,0,0,0,0,0,0,0,0,0,0,blue
t_travospublic_measure_5m_img.25624679.202505212115,89,,9810630,1,20250521,2115,0,0,,,,,,17,1,,,,,,3,202505212115,32.34169203001978,131.615818,,,0,0,18,0,0,0,0,0,0,0,0,0,0,0,blue
t_travospublic_measure_5m_img.25624680.202505212115,89,,9810640,1,20250521,2115,,,,,,,,,,,,,,,3,202505212115,32.118920029679714,131.525151,,,,,,,1,0,0,0,0,0,0,0,0,0,blue
t_travospublic_measure_5m_img.25624681.202505212115,89,,9810650,1,20250521,2115,,,,,,,,,,,,,,,3,202505212115,32.04093702955998,131.469141,,,,,,,1,0,0,0,0,0,0,0,0,0,blue
t_travospublic_measure_5m_img.25624682.202505212115,89,,9810660,1,20250521,2115,,,,,,,,,,,,,,,3,202505212115,31.943136029409334,131.344339,,,,,,,1,0,0,0,0,0,0,0,0,0,blue
t_travospublic_measure_5m_img.25624683.202505212115,89,,9810680,1,20250521,2115,,,,,,,,,,,,,,,3,202505212115,31.916759029368613,131.228421,,,,,,,1,0,0,0,0,0,0,0,0,0,blue
t_travospublic_measure_5m_img.25624684.202505212115,89,,9810690,1,20250521,2115,,,,,,,,,,,,,,,3,202505212115,31.831007029235955,131.126939,,,,,,,1,0,0,0,0,0,0,0,0,0,blue
t_travospublic_measure_5m_img.25624685.202505212115,89,,9810700,1,20250521,2115,,,,,,,,,,,,,,,3,202505212115,31.70972202904765,131.054167,,,,,,,1,0,0,0,0,0,0,0,0,0,blue
t_travospublic_measure_5m_img.25624686.202505212115,89,,9810720,1,20250521,2115,8,0,,,,,,8,3,,,,,,3,202505212115,31.661481028972545,130.889721,,,8,0,11,0,0,0,0,0,0,0,0,0,0,0,blue
t_travospublic_measure_5m_img.25624687.202505212115,89,,9810730,1,20250521,2115,,,,,,,,,,,,,,,3,202505212115,31.723242029068686,130.809578,,,,,,,1,0,0,0,0,0,0,0,0,0,blue
t_travospublic_measure_5m_img.25624688.202505212115,89,,9810740,1,20250521,2115,0,0,,,,,,0,0,,,,,,3,202505212115,33.30389903145224,130.368554,,,0,0,0,0,0,0,0,0,0,0,0,0,0,0,blue
t_travospublic_measure_5m_img.25624689.202505212115,89,,9810750,1,20250521,2115,22,1,,,,,,37,0,,,,,,3,202505212115,33.27419603140898,130.293549,,,23,0,37,0,0,0,0,0,0,0,0,0,0,0,blue
t_travospublic_measure_5m_img.25624690.202505212115,89,,9810760,1,20250521,2115,,,,,,,,,,,,,,,3,202505212115,33.26474303139519,130.245086,,,,,,,1,0,0,0,0,0,0,0,0,0,blue
t_travospublic_measure_5m_img.25624691.202505212115,89,,9810770,1,20250521,2115,,,,,,,,,,,,,,,3,202505212115,33.26041603138888,130.218458,,,,,,,1,0,0,0,0,0,0,0,0,0,blue
t_travospublic_measure_5m_img.25624692.202505212115,89,,9810780,1,20250521,2115,7,1,,,,,,32,0,,,,,,3,202505212115,33.23447503135101,130.18203100000002,,,8,0,32,0,0,0,0,0,0,0,0,0,0,0,blue
t_travospublic_measure_5m_img.25624693.202505212115,89,,9810790,1,20250521,2115,,,,,,,,,,,,,,,3,202505212115,33.22225103133315,130.172161,,,,,,,1,0,0,0,0,0,0,0,0,0,blue
t_travospublic_measure_5m_img.25624694.202505212115,89,,9810800,1,20250521,2115,5,0,,,,,,4,0,,,,,,3,202505212115,33.219025031328435,130.143217,,,5,0,4,0,0,0,0,0,0,0,0,0,0,0,blue
t_travospublic_measure_5m_img.25624695.202505212115,89,,9810810,1,20250521,2115,,,,,,,,,,,,,,,3,202505212115,33.21595003132393,130.087452,,,,,,,1,0,0,0,0,0,0,0,0,0,blue
t_travospublic_measure_5m_img.25624696.202505212115,89,,9810820,1,20250521,2115,0,0,,,,,,0,1,,,,,,3,202505212115,33.21877403132806,130.052459,,,0,0,1,0,0,0,0,0,0,0,0,0,0,0,blue
t_travospublic_measure_5m_img.25624697.202505212115,89,,9810830,1,20250521,2115,,,,,,,,,,,,,,,3,202505212115,33.207839031312076,130.047967,,,,,,,1,0,0,0,0,0,0,0,0,0,blue
t_travospublic_measure_5m_img.25624698.202505212115,89,,9810840,1,20250521,2115,,,,,,,,,,,,,,,3,202505212115,33.07291503111407,129.960829,,,,,,,1,0,0,0,0,0,0,0,0,0,blue
t_travospublic_measure_5m_img.25624699.202505212115,89,,9810850,1,20250521,2115,8,1,,,,,,14,1,,,,,,3,202505212115,32.995999031000636,129.948701,,,9,0,15,0,0,0,0,0,0,0,0,0,0,0,blue
t_travospublic_measure_5m_img.25624700.202505212115,89,,9810860,1,20250521,2115,,,,,,,,,,,,,,,3,202505212115,32.9044610308651,129.957531,,,,,,,1,0,0,0,0,0,0,0,0,0,blue
t_travospublic_measure_5m_img.25624701.202505212115,89,,9810870,1,20250521,2115,1,1,,,,,,4,0,,,,,,3,202505212115,32.8905010308444,129.971348,,,2,0,4,0,0,0,0,0,0,0,0,0,0,0,blue
t_travospublic_measure_5m_img.25624702.202505212115,89,,9810880,1,20250521,2115,4,1,,,,,,8,2,,,,,,3,202505212115,32.88569203083725,130.005514,,,5,0,10,0,0,0,0,0,0,0,0,0,0,0,blue
t_travospublic_measure_5m_img.25624703.202505212115,89,,9810890,1,20250521,2115,8,3,,,,,,5,0,,,,,,3,202505212115,32.87494503082128,130.02412,,,11,0,5,0,0,0,0,0,0,0,0,0,0,0,blue
t_travospublic_measure_5m_img.25624704.202505212115,89,,9810900,1,20250521,2115,18,2,,,,,,10,0,,,,,,3,202505212115,32.83967403076884,130.024592,,,20,0,10,0,0,0,0,0,0,0,0,0,0,0,blue
t_travospublic_measure_5m_img.25624705.202505212115,89,,9810910,1,20250521,2115,,,,,,,,,,,,,,,3,202505212115,33.19594003129466,129.977938,,,,,,,1,0,0,0,0,0,0,0,0,0,blue
t_travospublic_measure_5m_img.25624706.202505212115,89,,9810920,1,20250521,2115,,,,,,,,,,,,,,,3,202505212115,33.191150031287656,129.943948,,,,,,,1,0,0,0,0,0,0,0,0,0,blue
t_travospublic_measure_5m_img.25624707.202505212115,89,,9810930,1,20250521,2115,,,,,,,,,,,,,,,3,202505212115,33.18881403128423,129.9054,,,,,,,1,0,0,0,0,0,0,0,0,0,blue
t_travospublic_measure_5m_img.25624708.202505212115,89,,9810940,1,20250521,2115,5,0,,,,,,0,1,,,,,,3,202505212115,32.97184603096493,131.383534,,,5,0,1,0,0,0,0,0,0,0,0,0,0,0,blue
t_travospublic_measure_5m_img.25624709.202505212115,89,,9810950,1,20250521,2115,,,,,,,,,,,,,,,3,202505212115,32.96828103095967,131.382552,,,,,,,1,0,0,0,0,0,0,0,0,0,blue
t_travospublic_measure_5m_img.25624710.202505212115,89,,9810960,1,20250521,2115,0,0,,,,,,1,0,,,,,,3,202505212115,32.96091703094877,131.248695,,,0,0,1,0,0,0,0,0,0,0,0,0,0,0,blue
t_travospublic_measure_5m_img.25624711.202505212115,89,,9810970,1,20250521,2115,,,,,,,,,,,,,,,3,202505212115,33.03288603105509,131.537821,,,,,,,1,0,0,0,0,0,0,0,0,0,blue
t_travospublic_measure_5m_img.25624712.202505212115,89,,9810980,1,20250521,2115,,,,,,,,,,,,,,,3,202505212115,33.00262303101042,131.45315500000004,,,,,,,1,0,0,0,0,0,0,0,0,0,blue
t_travospublic_measure_5m_img.25624713.202505212115,89,,9810990,1,20250521,2115,0,0,,,,,,2,0,,,,,,3,202505212115,32.96097103094884,131.244117,,,0,0,2,0,0,0,0,0,0,0,0,0,0,0,blue
t_travospublic_measure_5m_img.25624714.202505212115,89,,9811000,1,20250521,2115,,,,,,,,,,,,,,,3,202505212115,32.93530403091085,131.035064,,,,,,,1,0,0,0,0,0,0,0,0,0,blue
t_travospublic_measure_5m_img.25624715.202505212115,89,,9811010,1,20250521,2115,0,0,,,,,,0,1,,,,,,3,202505212115,32.87672503082393,130.954853,,,0,0,1,0,0,0,0,0,0,0,0,0,0,0,blue
t_travospublic_measure_5m_img.25624716.202505212115,89,,9811020,1,20250521,2115,0,0,,,,,,1,0,,,,,,3,202505212115,32.614306030431806,130.462111,,,0,0,1,0,0,0,0,0,0,0,0,0,0,0,blue
t_travospublic_measure_5m_img.25624717.202505212115,89,,9811030,1,20250521,2115,0,0,,,,,,0,0,,,,,,3,202505212115,32.72539603059835,130.251342,,,0,0,0,0,0,0,0,0,0,0,0,0,0,0,blue
t_travospublic_measure_5m_img.25624718.202505212115,89,,9811040,1,20250521,2115,0,0,,,,,,0,0,,,,,,3,202505212115,32.72077403059144,130.234748,,,0,0,0,0,0,0,0,0,0,0,0,0,0,0,blue
t_travospublic_measure_5m_img.25624719.202505212115,89,,9811050,1,20250521,2115,7,0,,,,,,3,0,,,,,,3,202505212115,32.73587103061402,130.209003,,,7,0,3,0,0,0,0,0,0,0,0,0,0,0,blue
t_travospublic_measure_5m_img.25624720.202505212115,89,,9811060,1,20250521,2115,10,0,,,,,,4,0,,,,,,3,202505212115,32.808908030723025,130.149506,,,10,0,4,0,0,0,0,0,0,0,0,0,0,0,blue
t_travospublic_measure_5m_img.25624721.202505212115,89,,9811070,1,20250521,2115,,,,,,,,,,,,,,,3,202505212115,32.836521030764146,130.094768,,,,,,,1,0,0,0,0,0,0,0,0,0,blue
t_travospublic_measure_5m_img.25624722.202505212115,89,,9811080,1,20250521,2115,39,1,,,,,,17,0,,,,,,3,202505212115,32.83196203075736,130.053336,,,40,0,17,0,0,0,0,0,0,0,0,0,0,0,blue
t_travospublic_measure_5m_img.25624723.202505212115,89,,9811090,1,20250521,2115,2,0,,,,,,7,1,,,,,,3,202505212115,33.61888103190713,130.568781,,,2,0,8,0,0,0,0,0,0,0,0,0,0,0,blue
t_travospublic_measure_5m_img.25624724.202505212115,89,,9811100,1,20250521,2115,2,1,,,,,,9,2,,,,,,3,202505212115,33.61860003190672,130.579442,,,3,0,11,0,0,0,0,0,0,0,0,0,0,0,blue
t_travospublic_measure_5m_img.25624725.202505212115,89,,9811110,1,20250521,2115,4,0,,,,,,12,0,,,,,,3,202505212115,33.62194303191151,130.588462,,,4,0,12,0,0,0,0,0,0,0,0,0,0,0,blue
t_travospublic_measure_5m_img.25624726.202505212115,89,,9811120,1,20250521,2115,,,,,,,,,,,,,,,3,202505212115,33.65684603196145,130.750269,,,,,,,1,0,0,0,0,0,0,0,0,0,blue
t_travospublic_measure_5m_img.25624727.202505212115,89,,9811130,1,20250521,2115,,,,,,,,,,,,,,,3,202505212115,33.6514250319537,130.761828,,,,,,,1,0,0,0,0,0,0,0,0,0,blue
t_travospublic_measure_5m_img.25624728.202505212115,89,,9811140,1,20250521,2115,,,,,,,,,,,,,,,3,202505212115,33.64137503193933,130.764099,,,,,,,1,0,0,0,0,0,0,0,0,0,blue
t_travospublic_measure_5m_img.25624729.202505212115,89,,9811150,1,20250521,2115,21,2,,,,,,19,1,,,,,,3,202505212115,33.65331703195642,130.807798,,,23,0,20,0,0,0,0,0,0,0,0,0,0,0,blue
t_travospublic_measure_5m_img.25624730.202505212115,89,,9811160,1,20250521,2115,,,,,,,,,,,,,,,3,202505212115,33.67846703199234,130.866756,,,,,,,1,,,,,,,,,,blue
t_travospublic_measure_5m_img.25624731.202505212115,89,,9811180,1,20250521,2115,,,,,,,,,,,,,,,3,202505212115,33.6231190319132,130.671342,,,,,,,1,0,0,0,0,0,0,0,0,0,blue
t_travospublic_measure_5m_img.25624732.202505212115,89,,9811190,1,20250521,2115,0,0,,,,,,4,1,,,,,,3,202505212115,33.74379703208545,130.970335,,,0,0,5,0,0,0,0,0,0,0,0,0,0,0,blue
t_travospublic_measure_5m_img.25624733.202505212115,89,,9811200,1,20250521,2115,5,0,,,,,,7,0,,,,,,3,202505212115,33.54615303180275,130.159402,,,5,0,7,0,0,0,0,0,0,0,0,0,0,0,blue
t_travospublic_measure_5m_img.25624734.202505212115,89,,9811210,1,20250521,2115,3,0,,,,,,6,0,,,,,,3,202505212115,33.50948303174998,130.110769,,,3,0,6,0,0,0,0,0,0,0,0,0,0,0,blue
t_travospublic_measure_5m_img.25624735.202505212115,89,,9811220,1,20250521,2115,0,0,,,,,,1,0,,,,,,3,202505212115,33.501667031738705,130.069167,,,0,0,1,0,0,0,0,0,0,0,0,0,0,0,blue
t_travospublic_measure_5m_img.25624736.202505212115,89,,9811230,1,20250521,2115,34,0,,,,,,37,0,,,,,,3,202505212115,33.55094403180965,130.448556,,,34,0,37,0,0,0,0,0,0,0,0,0,0,0,blue
t_travospublic_measure_5m_img.25624737.202505212115,89,,9811240,1,20250521,2115,0,0,,,,,,0,0,,,,,,3,202505212115,33.522842031769216,130.168427,,,0,0,0,0,0,0,0,0,0,0,0,0,0,0,blue
t_travospublic_measure_5m_img.25624738.202505212115,89,,9811250,1,20250521,2115,0,0,,,,,,0,0,,,,,,3,202505212115,33.51344603175569,130.14563,,,0,0,0,0,0,0,0,0,0,0,0,0,0,0,blue
t_travospublic_measure_5m_img.25624739.202505212115,89,,9811260,1,20250521,2115,0,0,,,,,,4,0,,,,,,3,202505212115,33.45431303167039,130.042275,,,0,0,4,0,0,0,0,0,0,0,0,0,0,0,blue
t_travospublic_measure_5m_img.25624740.202505212115,89,,9811270,1,20250521,2115,23,2,,,,,,16,0,,,,,,3,202505212115,33.431110031636834,129.991737,,,25,0,16,0,0,0,0,0,0,0,0,0,0,0,blue
t_travospublic_measure_5m_img.25624741.202505212115,89,,9811280,1,20250521,2115,2,0,,,,,,5,1,,,,,,3,202505212115,33.348904031517684,129.933234,,,2,0,6,0,0,0,0,0,0,0,0,0,0,0,blue
t_travospublic_measure_5m_img.25624742.202505212115,89,,9811290,1,20250521,2115,,,,,,,,,,,,,,,3,202505212115,33.331844031492885,129.928169,,,,,,,1,0,0,0,0,0,0,0,0,0,blue
t_travospublic_measure_5m_img.25624743.202505212115,89,,9811300,1,20250521,2115,,,,,,,,,,,,,,,3,202505212115,33.268208031400235,129.88248900000002,,,,,,,1,0,0,0,0,0,0,0,0,0,blue
t_travospublic_measure_5m_img.25624744.202505212115,89,,9811310,1,20250521,2115,,,,,,,,,,,,,,,3,202505212115,33.24091903136041,129.850727,,,,,,,1,0,0,0,0,0,0,0,0,0,blue
t_travospublic_measure_5m_img.25624745.202505212115,89,,9811320,1,20250521,2115,0,0,,,,,,3,0,,,,,,3,202505212115,33.45989003167844,130.040128,,,0,0,3,0,0,0,0,0,0,0,0,0,0,0,blue
t_travospublic_measure_5m_img.25624746.202505212115,89,,9811330,1,20250521,2115,9,0,,,,,,6,0,,,,,,3,202505212115,33.38450403156936,129.984455,,,9,0,6,0,0,0,0,0,0,0,0,0,0,0,blue
t_travospublic_measure_5m_img.25624747.202505212115,89,,9811340,1,20250521,2115,2,0,,,,,,2,0,,,,,,6,202505212115,33.31161503146347,130.070351,,,2,0,2,0,0,0,0,0,0,0,0,0,0,0,blue
t_travospublic_measure_5m_img.25624748.202505212115,89,,9811350,1,20250521,2115,5,0,,,,,,2,0,,,,,,3,202505212115,33.304966031453795,130.076971,,,5,0,2,0,0,0,0,0,0,0,0,0,0,0,blue
t_travospublic_measure_5m_img.25624749.202505212115,89,,9811360,1,20250521,2115,2,0,,,,,,3,2,,,,,,3,202505212115,33.29002103143203,130.168151,,,2,0,5,0,0,0,0,0,0,0,0,0,0,0,blue
t_travospublic_measure_5m_img.25624750.202505212115,89,,9811370,1,20250521,2115,,,,,,,,,,,,,,,3,202505212115,33.327444031486486,130.034833,,,,,,,1,0,0,0,0,0,0,0,0,0,blue
t_travospublic_measure_5m_img.25624751.202505212115,89,,9811380,1,20250521,2115,,,,,,,,,,,,,,,3,202505212115,33.29362203143727,130.116435,,,,,,,1,0,0,0,0,0,0,0,0,0,blue
t_travospublic_measure_5m_img.25624752.202505212115,89,,9811390,1,20250521,2115,11,1,,,,,,11,0,,,,,,3,202505212115,33.03691103106103,129.918279,,,12,0,11,0,0,0,0,0,0,0,0,0,0,0,blue
t_travospublic_measure_5m_img.25624753.202505212115,89,,9811400,1,20250521,2115,14,1,,,,,,7,1,,,,,,3,202505212115,32.90829103087079,130.661481,,,15,0,8,0,0,0,0,0,0,0,0,0,0,0,blue
t_travospublic_measure_5m_img.25624754.202505212115,89,,9811410,1,20250521,2115,12,0,,,,,,16,0,,,,,,3,202505212115,33.01722203103198,130.439722,,,12,0,16,0,0,0,0,0,0,0,0,0,0,0,blue
t_travospublic_measure_5m_img.25624755.202505212115,89,,9811420,1,20250521,2115,17,2,,,,,,16,1,,,,,,3,202505212115,33.05710503109079,130.465234,,,19,0,17,0,0,0,0,0,0,0,0,0,0,0,blue
t_travospublic_measure_5m_img.25624756.202505212115,89,,9811430,1,20250521,2115,,,,,,,,,,,,,,,3,202505212115,33.176714031266506,130.407839,,,,,,,1,0,0,0,0,0,0,0,0,0,blue
t_travospublic_measure_5m_img.25624757.202505212115,89,,9811450,1,20250521,2115,13,1,,,,,,10,2,,,,,,3,202505212115,33.01280003102545,130.425184,,,14,0,12,0,0,0,0,0,0,0,0,0,0,0,blue
t_travospublic_measure_5m_img.25624758.202505212115,89,,9811460,1,20250521,2115,1,0,,,,,,11,0,,,,,,3,202505212115,33.140861031213944,130.422417,,,1,0,11,0,0,0,0,0,0,0,0,0,0,0,blue
t_travospublic_measure_5m_img.25624759.202505212115,89,,9811461,1,20250521,2115,6,1,,,,,,10,0,,,,,,3,202505212115,33.184560031278004,130.387933,,,7,0,10,0,0,0,0,0,0,0,0,0,0,0,blue
t_travospublic_measure_5m_img.25624760.202505212115,89,,9811470,1,20250521,2115,2,1,,,,,,13,2,,,,,,3,202505212115,33.0462530310748,130.431406,,,3,0,15,0,0,0,0,0,0,0,0,0,0,0,blue
t_travospublic_measure_5m_img.25624761.202505212115,89,,9811480,1,20250521,2115,16,0,,,,,,0,0,,,,,,3,202505212115,33.055717031088754,130.4292,,,16,0,0,0,0,0,0,0,0,0,0,0,0,0,blue
t_travospublic_measure_5m_img.25624762.202505212115,89,,9811490,1,20250521,2115,0,0,,,,,,10,0,,,,,,3,202505212115,33.069783031109466,130.42405,,,0,0,10,0,0,0,0,0,0,0,0,0,0,0,blue
t_travospublic_measure_5m_img.25624763.202505212115,89,,9811500,1,20250521,2115,,,,,,,,,,,,,,,3,202505212115,33.077520031120855,130.428242,,,,,,,1,0,0,0,0,0,0,0,0,0,blue
t_travospublic_measure_5m_img.25624764.202505212115,89,,9811510,1,20250521,2115,3,3,,,,,,2,1,,,,,,3,202505212115,33.08238303112801,130.433017,,,6,0,3,0,0,0,0,0,0,0,0,0,0,0,blue
t_travospublic_measure_5m_img.25624765.202505212115,89,,9811520,1,20250521,2115,0,0,,,,,,6,0,,,,,,3,202505212115,33.11826103118075,130.430375,,,0,0,6,0,0,0,0,0,0,0,0,0,0,0,blue
t_travospublic_measure_5m_img.25624766.202505212115,89,,9811540,1,20250521,2115,12,1,,,,,,16,0,,,,,,3,202505212115,33.15753403123839,130.478771,,,13,0,16,0,0,0,0,0,0,0,0,0,0,0,blue
t_travospublic_measure_5m_img.25624767.202505212115,89,,9811550,1,20250521,2115,0,0,,,,,,0,0,,,,,,3,202505212115,33.22942603134362,130.505954,,,0,0,0,0,0,0,0,0,0,0,0,0,0,0,blue
t_travospublic_measure_5m_img.25624768.202505212115,89,,9811560,1,20250521,2115,0,0,,,,,,0,0,,,,,,3,202505212115,33.23505203135184,130.507151,,,0,0,0,0,0,0,0,0,0,0,0,0,0,0,blue
t_travospublic_measure_5m_img.25624769.202505212115,89,,9811570,1,20250521,2115,0,0,,,,,,0,0,,,,,,3,202505212115,33.24799503137074,130.509483,,,0,0,0,0,0,0,0,0,0,0,0,0,0,0,blue
t_travospublic_measure_5m_img.25624770.202505212115,89,,9811580,1,20250521,2115,0,0,,,,,,0,0,,,,,,3,202505212115,33.25651503138319,130.509461,,,0,0,0,0,0,0,0,0,0,0,0,0,0,0,blue
t_travospublic_measure_5m_img.25624771.202505212115,89,,9811590,1,20250521,2115,,,,,,,,,,,,,,,3,202505212115,33.31995703147561,130.594037,,,,,,,1,0,0,0,0,0,0,0,0,0,blue
t_travospublic_measure_5m_img.25624772.202505212115,89,,9811600,1,20250521,2115,10,0,,,,,,15,0,,,,,,3,202505212115,33.345255031512394,130.730893,,,10,0,15,0,0,0,0,0,0,0,0,0,0,0,blue
t_travospublic_measure_5m_img.25624773.202505212115,89,,9811610,1,20250521,2115,0,0,,,,,,4,0,,,,,,3,202505212115,33.3437500315102,130.752694,,,0,0,4,0,0,0,0,0,0,0,0,0,0,0,blue
t_travospublic_measure_5m_img.25624774.202505212115,89,,9811620,1,20250521,2115,0,0,,,,,,1,0,,,,,,3,202505212115,33.33338803149515,130.801953,,,0,0,1,0,0,0,0,0,0,0,0,0,0,0,blue
t_travospublic_measure_5m_img.25624775.202505212115,89,,9811630,1,20250521,2115,11,0,,,,,,9,1,,,,,,3,202505212115,33.33357603149542,130.817928,,,11,0,10,0,0,0,0,0,0,0,0,0,0,0,blue
t_travospublic_measure_5m_img.25624776.202505212115,89,,9811640,1,20250521,2115,7,0,,,,,,6,0,,,,,,3,202505212115,33.33658103149978,130.839667,,,7,0,6,0,0,0,0,0,0,0,0,0,0,0,blue
t_travospublic_measure_5m_img.25624777.202505212115,89,,9811650,1,20250521,2115,0,0,,,,,,7,0,,,,,,3,202505212115,33.331960031493075,130.852326,,,0,0,7,0,0,0,0,0,0,0,0,0,0,0,blue
t_travospublic_measure_5m_img.25624778.202505212115,89,,9811660,1,20250521,2115,0,0,,,,,,6,0,,,,,,3,202505212115,33.307732031457824,130.915379,,,0,0,6,0,0,0,0,0,0,0,0,0,0,0,blue
t_travospublic_measure_5m_img.25624779.202505212115,89,,9811670,1,20250521,2115,2,0,,,,,,4,0,,,,,,3,202505212115,33.29883403144486,130.938844,,,2,0,4,0,0,0,0,0,0,0,0,0,0,0,blue
t_travospublic_measure_5m_img.25624780.202505212115,89,,9811680,1,20250521,2115,2,0,,,,,,1,0,,,,,,3,202505212115,33.29818903144393,130.952388,,,2,0,1,0,0,0,0,0,0,0,0,0,0,0,blue
t_travospublic_measure_5m_img.25624781.202505212115,89,,9811690,1,20250521,2115,,,,,,,,,,,,,,,3,202505212115,33.29921203144541,130.96937,,,,,,,1,0,0,0,0,0,0,0,0,0,blue
t_travospublic_measure_5m_img.25624782.202505212115,89,,9811700,1,20250521,2115,,,,,,,,,,,,,,,3,202505212115,33.261645031390664,131.01058,,,,,,,1,0,0,0,0,0,0,0,0,0,blue
t_travospublic_measure_5m_img.25624783.202505212115,89,,9811710,1,20250521,2115,7,1,,,,,,1,1,,,,,,3,202505212115,33.28000003141744,131.128611,,,8,0,2,0,0,0,0,0,0,0,0,0,0,0,blue
t_travospublic_measure_5m_img.25624784.202505212115,89,,9811720,1,20250521,2115,1,0,,,,,,2,0,,,,,,3,202505212115,33.237877031355964,131.175263,,,1,0,2,0,0,0,0,0,0,0,0,0,0,0,blue
t_travospublic_measure_5m_img.25624785.202505212115,89,,9811730,1,20250521,2115,0,0,,,,,,0,0,,,,,,3,202505212115,33.2405000313598,131.224187,,,0,0,0,0,0,0,0,0,0,0,0,0,0,0,blue
t_travospublic_measure_5m_img.25624786.202505212115,89,,9811740,1,20250521,2115,2,1,,,,,,7,2,,,,,,3,202505212115,33.25496403138093,131.328533,,,3,0,9,0,0,0,0,0,0,0,0,0,0,0,blue
t_travospublic_measure_5m_img.25624787.202505212115,89,,9811750,1,20250521,2115,1,0,,,,,,11,5,,,,,,3,202505212115,33.23715803135492,131.323213,,,1,0,16,0,0,0,0,0,0,0,0,0,0,0,blue
t_travospublic_measure_5m_img.25624788.202505212115,89,,9811760,1,20250521,2115,3,1,,,,,,6,3,,,,,,3,202505212115,33.18331803127619,131.452171,,,4,0,9,0,0,0,0,0,0,0,0,0,0,0,blue
t_travospublic_measure_5m_img.25624789.202505212115,89,,9811770,1,20250521,2115,,,,,,,,,,,,,,,3,202505212115,31.760789029127036,131.4707,,,,,,,1,0,0,0,0,0,0,0,0,0,blue
t_travospublic_measure_5m_img.25624790.202505212115,89,,9811780,1,20250521,2115,,,,,,,,,,,,,,,3,202505212115,31.559046028812634,131.38327000000004,,,,,,,1,0,0,0,0,0,0,0,0,0,blue
t_travospublic_measure_5m_img.25624791.202505212115,89,,9811790,1,20250521,2115,,,,,,,,,,,,,,,3,202505212115,31.547715028794922,131.378628,,,,,,,1,0,0,0,0,0,0,0,0,0,blue
t_travospublic_measure_5m_img.25624792.202505212115,89,,9811810,1,20250521,2115,,,,,,,,,,,,,,,3,202505212115,31.45214102864519,131.212192,,,,,,,1,0,0,0,0,0,0,0,0,0,blue
t_travospublic_measure_5m_img.25624793.202505212115,89,,9811820,1,20250521,2115,,,,,,,,,,,,,,,3,202505212115,31.46555602866623,131.154444,,,,,,,1,0,0,0,0,0,0,0,0,0,blue
t_travospublic_measure_5m_img.25624794.202505212115,89,,9811830,1,20250521,2115,,,,,,,,,,,,,,,3,202505212115,31.447659028638157,131.051761,,,,,,,1,0,0,0,0,0,0,0,0,0,blue
t_travospublic_measure_5m_img.25624795.202505212115,89,,9811840,1,20250521,2115,,,,,,,,,,,,,,,3,202505212115,31.388108028544615,130.811533,,,,,,,1,0,0,0,0,0,0,0,0,0,blue
t_travospublic_measure_5m_img.25624796.202505212115,89,,9811850,1,20250521,2115,,,,,,,,,,,,,,,3,202505212115,31.41813502859181,130.764377,,,,,,,1,0,0,0,0,0,0,0,0,0,blue
t_travospublic_measure_5m_img.25624797.202505212115,89,,9811860,1,20250521,2115,,,,,,,,,,,,,,,3,202505212115,31.542976028787507,130.706877,,,,,,,1,0,0,0,0,0,0,0,0,0,blue
t_travospublic_measure_5m_img.25624798.202505212115,89,,9811870,1,20250521,2115,,,,,,,,,,,,,,,3,202505212115,31.557778028810663,130.718333,,,,,,,1,0,0,0,0,0,0,0,0,0,blue
t_travospublic_measure_5m_img.25624799.202505212115,89,,9811880,1,20250521,2115,,,,,,,,,,,,,,,3,202505212115,31.647658028950993,130.819552,,,,,,,1,0,0,0,0,0,0,0,0,0,blue
t_travospublic_measure_5m_img.25624800.202505212115,89,,9811890,1,20250521,2115,,,,,,,,,,,,,,,3,202505212115,31.413693028584817,130.760963,,,,,,,1,0,0,0,0,0,0,0,0,0,blue
t_travospublic_measure_5m_img.25624801.202505212115,89,,9811900,1,20250521,2115,,,,,,,,,,,,,,,3,202505212115,31.27982902837409,130.291795,,,,,,,1,0,0,0,0,0,0,0,0,0,blue
t_travospublic_measure_5m_img.25624802.202505212115,89,,9811910,1,20250521,2115,,,,,,,,,,,,,,,3,202505212115,31.2913800283923,130.293564,,,,,,,1,0,0,0,0,0,0,0,0,0,blue
t_travospublic_measure_5m_img.25624803.202505212115,89,,9811920,1,20250521,2115,2,0,,,,,,2,0,,,,,,3,202505212115,31.327343028448986,130.334728,,,2,0,2,0,0,0,0,0,0,0,0,0,0,0,blue
t_travospublic_measure_5m_img.25624804.202505212115,89,,9811930,1,20250521,2115,16,1,,,,,,9,0,,,,,,3,202505212115,31.494637028711818,130.506308,,,17,0,9,0,0,0,0,0,0,0,0,0,0,0,blue
t_travospublic_measure_5m_img.25624805.202505212115,89,,9811940,1,20250521,2115,35,0,,,,,,32,0,,,,,,3,202505212115,31.527877028763886,130.521631,,,35,0,32,0,0,0,0,0,0,0,0,0,0,0,blue
t_travospublic_measure_5m_img.25624806.202505212115,89,,9811950,1,20250521,2115,7,0,,,,,,10,0,,,,,,3,202505212115,31.289730028389716,130.60717200000002,,,7,0,10,0,0,0,0,0,0,0,0,0,0,0,blue
t_travospublic_measure_5m_img.25624807.202505212115,89,,9811960,1,20250521,2115,0,0,,,,,,11,0,,,,,,3,202505212115,31.323917028443603,130.564308,,,0,0,11,0,0,0,0,0,0,0,0,0,0,0,blue
t_travospublic_measure_5m_img.25624808.202505212115,89,,9811970,1,20250521,2115,,,,,,,,,,,,,,,3,202505212115,31.466390028667544,130.513245,,,,,,,1,0,0,0,0,0,0,0,0,0,blue
t_travospublic_measure_5m_img.25624809.202505212115,89,,9811980,1,20250521,2115,0,0,,,,,,0,0,,,,,,3,202505212115,33.34976603151893,129.764492,,,0,0,0,0,0,0,0,0,0,0,0,0,0,0,blue
t_travospublic_measure_5m_img.25624810.202505212115,89,,9812010,1,20250521,2115,33,0,,,,,,13,1,,,,,,3,202505212115,33.13956403121204,129.784069,,,33,0,14,0,0,0,0,0,0,0,0,0,0,0,blue
t_travospublic_measure_5m_img.25624811.202505212115,89,,9812020,1,20250521,2115,3,0,,,,,,1,0,,,,,,3,202505212115,33.28640603142677,130.150153,,,3,0,1,0,0,0,0,0,0,0,0,0,0,0,blue
t_travospublic_measure_5m_img.25624812.202505212115,89,,9812030,1,20250521,2115,1,1,,,,,,8,0,,,,,,3,202505212115,33.0852950311323,131.637799,,,2,0,8,0,0,0,0,0,0,0,0,0,0,0,blue
t_travospublic_measure_5m_img.25624813.202505212115,89,,9812040,1,20250521,2115,0,0,,,,,,0,0,,,,,,3,202505212115,32.56861103036308,131.553056,,,0,0,0,0,0,0,0,0,0,0,0,0,0,0,blue
t_travospublic_measure_5m_img.25624814.202505212115,89,,9812050,1,20250521,2115,37,4,,,,,,82,4,,,,,,3,202505212115,33.55027803180869,130.478333,,,41,0,86,0,0,0,0,0,0,0,0,0,0,0,blue
t_travospublic_measure_5m_img.25624815.202505212115,89,,9812060,1,20250521,2115,,,,,,,,,,,,,,,3,202505212115,32.92625003089743,131.00539,,,,,,,1,0,0,0,0,0,0,0,0,0,blue
t_travospublic_measure_5m_img.25624816.202505212115,89,,9812070,1,20250521,2115,3,0,,,,,,1,1,,,,,,3,202505212115,32.90000003085849,130.933611,,,3,0,2,0,0,0,0,0,0,0,0,0,0,0,blue
t_travospublic_measure_5m_img.25624817.202505212115,89,,9812080,1,20250521,2115,4,0,,,,,,7,1,,,,,,3,202505212115,33.27595303141153,130.319462,,,4,0,8,0,0,0,0,0,0,0,0,0,0,0,blue
t_travospublic_measure_5m_img.25624818.202505212115,89,,9812090,1,20250521,2115,,,,,,,,,,,,,,,3,202505212115,33.59653803187511,130.611685,,,,,,,1,,,,,,,,,,blue
t_travospublic_measure_5m_img.25624819.202505212115,89,,9812100,1,20250521,2115,11,1,,,,,,1,0,,,,,,3,202505212115,33.05235003108379,130.430417,,,12,0,1,0,0,0,0,0,0,0,0,0,0,0,blue
t_travospublic_measure_5m_img.25624820.202505212115,89,,9812110,1,20250521,2115,3,0,,,,,,0,0,,,,,,3,202505212115,33.15888903124039,129.761111,,,3,0,0,0,0,0,0,0,0,0,0,0,0,0,blue
t_travospublic_measure_5m_img.25624821.202505212115,89,,9812120,1,20250521,2115,9,0,,,,,,23,4,,,,,,3,202505212115,31.737096029090242,130.677414,,,9,0,27,0,0,0,0,0,0,0,0,0,0,0,blue
t_travospublic_measure_5m_img.25624822.202505212115,89,,9812130,1,20250521,2115,16,1,,,,,,22,2,,,,,,3,202505212115,33.32114903147733,130.391671,,,17,0,24,0,0,0,0,0,0,0,0,0,0,0,blue
t_travospublic_measure_5m_img.25624823.202505212115,89,,9812140,1,20250521,2115,1,0,,,,,,0,0,,,,,,3,202505212115,32.733917030611096,130.31245,,,1,0,0,0,0,0,0,0,0,0,0,0,0,0,blue
t_travospublic_measure_5m_img.25624824.202505212115,90,,10810050,1,20250521,2115,1,0,,,,,,7,0,,,,,,3,202505212115,26.69152402083745,128.108879,,,1,0,7,0,0,,,,,,,,,,blue
t_travospublic_measure_5m_img.25624825.202505212115,90,,10810060,1,20250521,2115,5,1,,,,,,5,1,,,,,,3,202505212115,26.634931020743306,128.037283,,,6,0,6,0,0,,,,,,,,,,blue
t_travospublic_measure_5m_img.25624826.202505212115,90,,10810070,1,20250521,2115,,,,,,,,,,,,,,,3,202505212115,26.60195202068847,127.99972500000001,,,,,,,1,,,,,,,,,,blue
t_travospublic_measure_5m_img.25624827.202505212115,90,,10810080,1,20250521,2115,,,,,,,,,,,,,,,3,202505212115,26.583164020657225,127.99781300000001,,,,,,,1,,,,,,,,,,blue
t_travospublic_measure_5m_img.25624828.202505212115,90,,10810090,1,20250521,2115,,,,,,,,,,,,,,,3,202505212115,26.573059020640425,127.989432,,,,,,,1,,,,,,,,,,blue
t_travospublic_measure_5m_img.25624829.202505212115,90,,10810100,1,20250521,2115,,,,,,,,,,,,,,,3,202505212115,26.558695020616547,127.976575,,,,,,,1,,,,,,,,,,blue
t_travospublic_measure_5m_img.25624830.202505212115,90,,10810110,1,20250521,2115,55,4,,,,,,0,0,,,,,,3,202505212115,26.547043020597176,127.96594700000001,,,59,0,0,0,0,,,,,,,,,,blue
t_travospublic_measure_5m_img.25624831.202505212115,90,,10810120,1,20250521,2115,31,18,,,,,,14,1,,,,,,3,202505212115,26.545420020594484,127.96513700000001,,,49,0,15,0,0,,,,,,,,,,blue
t_travospublic_measure_5m_img.25624832.202505212115,90,,10810130,1,20250521,2115,0,0,,,,,,0,0,,,,,,3,202505212115,26.541292020587623,127.95978,,,0,0,0,0,0,,,,,,,,,,blue
t_travospublic_measure_5m_img.25624833.202505212115,90,,10810140,1,20250521,2115,26,1,,,,,,20,0,,,,,,3,202505212115,26.536514020579673,127.935453,,,27,0,20,0,0,,,,,,,,,,blue
t_travospublic_measure_5m_img.25624834.202505212115,90,,10810150,1,20250521,2115,,,,,,,,,,,,,,,3,202505212115,26.51382402054197,127.901775,,,,,,,1,,,,,,,,,,blue
t_travospublic_measure_5m_img.25624835.202505212115,90,,10810160,1,20250521,2115,0,0,,,,,,0,0,,,,,,3,202505212115,26.503684020525117,127.87991000000001,,,0,0,0,0,0,,,,,,,,,,blue
t_travospublic_measure_5m_img.25624836.202505212115,90,,10810170,1,20250521,2115,0,0,,,,,,0,0,,,,,,3,202505212115,26.49844302051641,127.86208000000002,,,0,0,0,0,0,,,,,,,,,,blue
t_travospublic_measure_5m_img.25624837.202505212115,90,,10810180,1,20250521,2115,0,0,,,,,,0,0,,,,,,3,202505212115,26.48233402048965,127.85135699999998,,,0,0,0,0,0,,,,,,,,,,blue
t_travospublic_measure_5m_img.25624838.202505212115,90,,10810190,1,20250521,2115,0,0,,,,,,0,0,,,,,,3,202505212115,26.44345902042506,127.805583,,,0,0,0,0,0,,,,,,,,,,blue
t_travospublic_measure_5m_img.25624839.202505212115,90,,10810200,1,20250521,2115,54,0,,,,,,33,0,,,,,,3,202505212115,26.338860020251406,127.7508,,,54,0,33,0,0,,,,,,,,,,blue
t_travospublic_measure_5m_img.25624840.202505212115,90,,10810220,1,20250521,2115,,,,,,,,,,,,,,,3,202505212115,26.26837002013446,127.73051999999998,,,,,,,1,,,,,,,,,,blue
t_travospublic_measure_5m_img.25624841.202505212115,90,,10810230,1,20250521,2115,47,3,,,,,,48,3,,,,,,3,202505212115,26.266310020131048,127.72327,,,50,0,51,0,0,,,,,,,,,,blue
t_travospublic_measure_5m_img.25624842.202505212115,90,,10810240,1,20250521,2115,0,0,,,,,,0,0,,,,,,3,202505212115,26.269040020135566,127.72616000000001,,,0,0,0,0,0,,,,,,,,,,blue
t_travospublic_measure_5m_img.25624843.202505212115,90,,10810260,1,20250521,2115,41,1,,,,,,1,2,,,,,,3,202505212115,26.273440020142868,127.71261000000001,,,42,0,3,0,0,,,,,,,,,,blue
t_travospublic_measure_5m_img.25624844.202505212115,90,,10810270,1,20250521,2115,13,4,,,,,,16,0,,,,,,3,202505212115,26.451180020437896,127.89631,,,17,0,16,0,0,,,,,,,,,,blue
t_travospublic_measure_5m_img.25624845.202505212115,90,,10810280,1,20250521,2115,3,0,,,,,,20,1,,,,,,3,202505212115,26.4491400204345,127.849893,,,3,0,21,0,0,,,,,,,,,,blue
t_travospublic_measure_5m_img.25624846.202505212115,90,,10810290,1,20250521,2115,3,4,,,,,,0,1,,,,,,3,202505212115,26.448972020434223,127.90855300000001,,,7,0,1,0,0,,,,,,,,,,blue
t_travospublic_measure_5m_img.25624847.202505212115,90,,10810300,1,20250521,2115,33,3,,,,,,19,6,,,,,,3,202505212115,26.30711002019872,127.81338,,,36,0,25,0,0,,,,,,,,,,blue
t_travospublic_measure_5m_img.25624848.202505212115,90,,10810310,1,20250521,2115,16,1,,,,,,1,0,,,,,,3,202505212115,26.287560020166286,127.81449,,,17,0,1,0,0,,,,,,,,,,blue
t_travospublic_measure_5m_img.25624849.202505212115,90,,10810320,1,20250521,2115,10,8,,,,,,1,1,,,,,,3,202505212115,26.22351002006007,127.76571,,,18,0,2,0,0,,,,,,,,,,blue
t_travospublic_measure_5m_img.25624850.202505212115,90,,10810330,1,20250521,2115,11,2,,,,,,3,16,,,,,,3,202505212115,26.200760020022358,127.75174999999999,,,13,0,19,0,0,,,,,,,,,,blue
t_travospublic_measure_5m_img.25624851.202505212115,90,,10810340,1,20250521,2115,55,0,,,,,,41,2,,,,,,3,202505212115,26.25841002011794,127.75767000000002,,,55,0,43,0,0,,,,,,,,,,blue
t_travospublic_measure_5m_img.25624852.202505212115,90,,10810350,1,20250521,2115,65,4,,,,,,9,3,,,,,,3,202505212115,26.24962002010336,127.74765,,,69,0,12,0,0,,,,,,,,,,blue
t_travospublic_measure_5m_img.25624853.202505212115,90,,10810360,1,20250521,2115,84,7,,,,,,73,4,,,,,,3,202505212115,26.25443002011134,127.73508000000001,,,91,0,77,0,0,,,,,,,,,,blue
t_travospublic_measure_5m_img.25624854.202505212115,90,,10810370,1,20250521,2115,78,0,,,,,,56,1,,,,,,3,202505212115,26.25456002011155,127.72416000000001,,,78,0,57,0,0,,,,,,,,,,blue
t_travospublic_measure_5m_img.25624855.202505212115,90,,10810380,1,20250521,2115,50,3,,,,,,51,2,,,,,,3,202505212115,26.169530019970612,127.65168,,,53,0,53,0,0,,,,,,,,,,blue
t_travospublic_measure_5m_img.25624856.202505212115,90,,10810390,1,20250521,2115,42,2,,,,,,39,4,,,,,,3,202505212115,26.154010019944888,127.65812,,,44,0,43,0,0,,,,,,,,,,blue
t_travospublic_measure_5m_img.25624857.202505212115,90,,10810400,1,20250521,2115,,,,,,,,,,,,,,,3,202505212115,26.130710019906292,127.66514,,,,,,,1,,,,,,,,,,blue
t_travospublic_measure_5m_img.25624858.202505212115,90,,10810410,1,20250521,2115,0,0,,,,,,0,0,,,,,,3,202505212115,26.11574001988149,127.66860000000001,,,0,0,0,0,0,,,,,,,,,,blue
t_travospublic_measure_5m_img.25624859.202505212115,90,,10810420,1,20250521,2115,0,0,,,,,,0,0,,,,,,3,202505212115,26.09400001984549,127.71590000000002,,,0,0,0,0,0,,,,,,,,,,blue
t_travospublic_measure_5m_img.25624860.202505212115,90,,10810430,1,20250521,2115,,,,,,,,,,,,,,,3,202505212115,26.128730019903006,127.75918999999999,,,,,,,1,,,,,,,,,,blue
t_travospublic_measure_5m_img.25624861.202505212115,90,,10810440,1,20250521,2115,,,,,,,,,,,,,,,3,202505212115,26.140140019921905,127.77529,,,,,,,1,,,,,,,,,,blue
t_travospublic_measure_5m_img.25624862.202505212115,90,,10810450,1,20250521,2115,2,0,,,,,,0,0,,,,,,3,202505212115,26.170060019971476,127.8265,,,2,0,0,0,0,,,,,,,,,,blue
t_travospublic_measure_5m_img.25624863.202505212115,90,,10810460,1,20250521,2115,,,,,,,,,,,,,,,3,202505212115,26.20426002002816,127.652556,,,,,,,1,,,,,,,,,,blue
t_travospublic_measure_5m_img.25624864.202505212115,90,,10810470,1,20250521,2115,0,0,,,,,,0,0,,,,,,3,202505212115,26.209250020036425,127.73744999999998,,,0,0,0,0,0,,,,,,,,,,blue
t_travospublic_measure_5m_img.25624865.202505212115,90,,10810480,1,20250521,2115,4,4,,,,,,0,1,,,,,,3,202505212115,26.18171001999079,127.73158000000001,,,8,0,1,0,0,,,,,,,,,,blue
t_travospublic_measure_5m_img.25624866.202505212115,90,,10810490,1,20250521,2115,0,0,,,,,,15,23,,,,,,3,202505212115,26.17543001998038,127.70638000000001,,,0,0,38,0,0,,,,,,,,,,blue
t_travospublic_measure_5m_img.25624867.202505212115,90,,10810510,1,20250521,2115,,,,,,,,,,,,,,,3,202505212115,26.17208001997483,127.69662,,,,,,,1,,,,,,,,,,blue
t_travospublic_measure_5m_img.25624868.202505212115,90,,10810520,1,20250521,2115,0,0,,,,,,2,14,,,,,,3,202505212115,26.17121001997338,127.67963999999999,,,0,0,16,0,0,,,,,,,,,,blue
